0,0,6.1554,-1.8478
1,0,6.3397,-2.5985
2,0,6.3719,-2.8302
3,0,6.5243,-3.0306
4,0,6.7107,-3.9494
5,0,6.9520,-0.4346
6,0,7.0938,1.2521
7,0,7.2794,2.5272
8,0,7.3587,3.7586
9,0,7.4677,3.8763
10,0,7.5839,5.9439
11,0,8.0008,7.7902
12,0,8.5213,15.3647
13,0,8.6710,14.9423
14,0,8.7904,15.7151
15,0,8.8848,15.3333
16,0,8.9985,14.2638
17,0,9.0839,13.4317
18,0,9.0410,16.7629
19,0,9.0880,15.3662
20,0,9.2491,17.2756
21,0,9.4344,15.4269
22,0,9.5463,13.9034
23,0,9.7569,14.5930
24,0,9.8600,14.9458
25,0,10.0112,15.6067
26,0,10.1065,16.3876
27,0,10.1647,16.9295
28,0,10.3116,17.8775
29,0,10.4075,18.6884
30,0,10.5469,20.6075
31,0,10.6981,21.2863
32,0,10.8633,22.3972
33,0,11.0150,23.5264
34,0,11.1293,24.6558
35,0,11.3129,25.3354
36,0,11.3807,26.2039
37,0,11.5343,26.2063
38,0,11.7141,26.8967
39,0,11.8121,27.5051
40,0,11.9422,29.0340
41,0,12.0194,29.8737
42,0,12.1456,30.9701
43,0,12.2341,31.7015
44,0,12.2761,32.2454
45,0,12.3382,32.3397
46,0,12.3463,32.4611
47,0,12.3440,33.5196
48,0,12.3077,34.5220
49,0,12.2722,33.7384
50,0,12.2845,34.1772
51,0,12.2615,34.5004
52,0,12.2194,35.2252
53,0,12.1945,35.7406
54,0,12.2012,36.8691
55,0,12.2111,38.1060
56,0,12.1724,39.1816
57,0,12.2438,39.9862
58,0,12.2882,40.1383
59,0,12.2872,40.3758
60,0,12.3622,40.1741
61,0,12.3628,41.4319
62,0,12.3615,43.4155
63,0,12.4099,43.8503
64,0,12.4436,43.2806
65,0,12.4733,44.0037
66,0,12.4392,44.4878
67,0,12.4595,45.9624
68,0,12.4565,47.8823
69,0,12.4825,48.3599
70,0,12.5315,48.6738
71,0,12.4864,49.2194
72,0,12.5409,49.4642
73,0,12.5574,49.7493
74,0,12.6039,50.3877
75,0,12.7035,50.7536
76,0,12.7230,50.5374
77,0,12.8164,49.9990
78,0,12.8118,50.0168
79,0,12.8140,50.1157
80,0,12.8407,50.1150
81,0,12.8838,51.0354
82,0,13.0041,51.5019
83,0,12.9819,52.5889
84,0,12.9597,53.1890
85,0,12.9414,53.6918
86,0,12.9248,54.1158
87,0,12.8931,55.3556
88,0,12.8720,56.0899
89,0,12.8000,56.3922
90,0,12.8084,56.4756
91,0,12.7831,57.2676
92,0,12.7468,58.0245
93,0,12.7377,57.8939
94,0,12.6948,57.9406
95,0,12.6483,58.3394
96,0,12.6078,58.4338
97,0,12.5832,58.7216
98,0,12.5770,58.6249
99,0,12.4361,59.3004
100,0,12.3473,59.6524
101,0,12.3025,60.0228
102,0,12.2069,60.5202
103,0,12.1960,62.1643
104,0,12.1189,63.5910
105,0,12.0715,64.8552
106,0,12.0225,65.8627
107,0,11.9600,67.6163
108,0,11.9379,68.7636
109,0,11.8947,69.3957
110,0,11.8640,70.0096
111,0,11.7617,70.4756
112,0,11.7760,70.8954
113,0,11.8231,71.5985
114,0,11.8762,72.5229
115,0,11.9866,73.0281
116,0,12.0843,73.7735
117,0,12.2627,74.4594
118,0,12.3182,75.0279
119,0,12.3905,75.4014
120,0,12.3837,76.2973
121,0,12.3730,76.5863
122,0,12.3831,77.7296
123,0,12.3121,77.8314
124,0,12.3250,77.9906
125,0,12.2648,78.5649
126,0,12.2223,79.6097
127,0,12.1806,80.6435
128,0,12.1093,80.9513
129,0,12.2042,81.5893
130,0,12.1225,82.1968
131,0,12.1586,82.5090
132,0,12.2131,83.0848
133,0,12.2392,83.3640
134,0,12.3076,83.5930
135,0,12.3032,83.8544
136,0,12.3422,84.2628
137,0,12.3131,85.0713
138,0,12.3713,85.2289
139,0,12.4670,85.5284
140,0,12.5465,85.7985
141,0,12.6968,86.0651
142,0,12.7225,86.6003
143,0,12.7953,86.9369
144,0,12.7847,87.9990
145,0,12.7161,88.5288
146,0,12.7200,89.0482
147,0,12.6503,89.6903
148,0,12.6943,90.3537
149,0,12.6736,90.9989
150,0,12.7184,91.6582
151,0,12.7223,92.6657
152,0,12.7145,93.1263
153,0,12.7622,93.9210
154,0,12.6753,94.5872
155,0,12.6196,95.2718
156,0,12.5653,95.9305
157,0,12.4647,96.6024
158,0,12.5004,97.2434
159,0,12.4452,97.6882
160,0,12.4984,98.1420
161,0,12.4787,98.8716
162,0,12.4854,99.9322
163,0,12.4631,100.6182
164,0,12.4957,101.0637
165,0,12.6189,101.2602
166,0,12.6649,101.8058
167,0,12.6720,102.9248
168,0,12.7261,103.7469
169,0,12.6673,104.4080
170,0,12.6934,105.1079
171,0,12.5961,105.7092
172,0,12.5411,106.4310
173,0,12.4896,107.3618
174,0,12.4567,107.9509
175,0,12.4093,108.6484
176,0,12.3609,109.2928
177,0,12.3887,110.0156
178,0,12.3759,110.8612
179,0,12.3841,111.4389
180,0,12.4097,112.1895
181,0,12.3776,112.7087
182,0,12.3938,113.3677
183,0,12.3466,113.9627
184,0,12.3279,114.8374
185,0,12.3021,115.6977
186,0,12.2568,116.3314
187,0,12.3188,116.9159
188,0,12.2917,117.4826
189,0,12.4049,118.3795
190,0,12.3484,119.3125
191,0,12.3509,120.0512
192,0,12.3737,120.8786
193,0,12.3110,121.5222
194,0,12.2946,122.4727
195,0,12.1896,123.6884
196,0,12.1446,124.7760
197,0,12.1390,125.8282
198,0,12.1801,126.5025
199,0,12.3210,127.2722
200,0,12.3816,127.8222
201,0,12.5556,128.5767
202,0,12.6212,129.3144
203,0,12.7437,130.0068
204,0,12.8153,130.7896
205,0,12.8754,131.4176
206,0,12.9567,132.2143
207,0,12.9767,132.6809
208,0,13.0434,133.0971
209,0,13.1004,133.6194
210,0,13.1568,133.9580
211,0,13.1963,134.5979
212,0,13.2326,135.0893
213,0,13.2840,135.6590
214,0,13.3023,136.2247
215,0,13.3476,136.9393
216,0,13.3245,137.6849
217,0,13.3693,138.1796
218,0,13.4758,138.8435
219,0,13.5312,139.3765
220,0,13.6857,140.1324
221,0,13.8541,140.9575
222,0,14.0608,141.7699
223,0,14.3589,142.4680
224,0,14.6843,142.9982
225,0,15.2407,143.4625
226,0,15.8528,143.9713
227,0,16.2516,144.6766
228,0,16.3571,145.5466
229,0,16.4106,146.2064
230,0,16.3267,146.9821
231,0,16.2306,147.6811
232,0,16.2804,148.4500
233,0,16.2623,149.1975
234,0,16.1217,149.7097
235,0,15.4410,150.0493
236,0,14.7564,150.3530
237,0,14.6527,150.7094
238,0,14.7241,151.0421
