0,0,17.2090,49.7490
1,0,17.2848,49.5727
2,0,17.2850,49.1253
3,0,17.3839,47.5378
4,0,17.3717,48.1072
5,0,17.3706,47.9965
6,0,17.3939,47.7442
7,0,17.5422,47.0462
8,0,17.4572,46.5565
9,0,17.3634,46.7234
10,0,17.2603,44.1315
11,0,17.2330,43.7114
12,0,17.4532,43.8836
13,0,17.1879,43.5235
14,0,17.2713,44.5025
15,0,17.3277,40.5179
16,0,17.3453,38.9373
17,0,17.7454,36.4547
18,0,17.7917,32.8698
19,0,17.5199,34.9624
20,0,17.3896,35.0515
21,0,18.0382,26.4614
22,0,18.2603,24.0842
23,0,18.1045,21.5421
24,0,17.9398,25.1463
25,0,17.9679,25.4501
26,0,18.0509,22.3841
27,0,17.9450,26.4702
28,0,17.9316,26.1193
29,0,17.9689,29.7846
30,0,17.7995,29.0637
31,0,18.0148,27.3121
32,0,18.0660,27.1785
33,0,18.0592,26.3426
34,0,18.0896,25.8900
35,0,18.2953,25.3617
36,0,18.2926,24.7903
37,0,18.5708,23.9431
38,0,18.6627,23.1431
39,0,18.7652,22.5131
40,0,18.8602,22.3984
41,0,18.7836,22.1561
42,0,18.8539,21.6530
43,0,18.8566,22.3000
44,0,18.7286,23.0182
45,0,18.7481,21.8622
46,0,18.5275,22.6975
47,0,18.4542,23.0035
48,0,18.5222,23.3651
49,0,18.5177,23.1396
50,0,18.5308,25.1957
51,0,18.6238,25.4729
52,0,18.5740,26.6305
53,0,18.7105,27.0360
54,0,18.7695,28.7076
55,0,18.7473,30.4608
56,0,18.7882,31.0992
57,0,18.6949,32.8847
58,0,18.6940,33.0484
59,0,18.7655,33.8462
60,0,18.7628,34.5121
61,0,18.7107,35.5972
62,0,18.8347,34.4731
63,0,18.7887,35.1268
64,0,18.7838,35.6208
65,0,18.8447,35.7088
66,0,18.8127,36.6754
67,0,18.7974,36.3844
68,0,18.7672,36.8080
69,0,18.6609,36.9425
70,0,18.5804,37.7000
71,0,18.4306,39.0017
72,0,18.3853,40.9298
73,0,18.3457,41.7723
74,0,18.3377,42.1816
75,0,18.2574,44.0289
76,0,18.2434,44.5813
77,0,18.1924,45.8066
78,0,18.2709,45.4157
79,0,18.2814,45.1799
80,0,18.2700,45.2301
81,0,18.3030,44.5552
82,0,18.1799,44.5010
83,0,18.1596,43.5617
84,0,18.1284,43.0147
85,0,17.9686,42.5104
86,0,18.0360,42.5294
87,0,18.0207,43.3588
88,0,18.0821,42.4041
89,0,18.1034,43.2785
90,0,18.2214,44.0042
91,0,18.2737,44.0902
92,0,18.2050,43.7736
93,0,18.1714,44.1292
94,0,17.9772,46.1773
95,0,18.0094,44.7984
96,0,17.8035,47.2088
97,0,18.0095,46.3783
98,0,17.9539,47.7693
99,0,17.9939,48.8984
100,0,18.0992,49.1378
101,0,18.0528,49.7744
102,0,18.0042,50.3866
103,0,18.0203,50.8229
104,0,17.9160,51.5655
105,0,17.9569,52.1323
106,0,17.9081,52.9837
107,0,17.8680,53.7623
108,0,17.9327,54.8304
109,0,17.9646,55.4977
110,0,17.9400,56.2563
111,0,17.9890,56.7095
112,0,18.0332,57.1399
113,0,18.0669,57.7302
114,0,18.0423,59.2367
115,0,18.1020,59.7500
116,0,18.0685,60.4122
117,0,17.9373,62.1937
118,0,17.6966,64.8716
119,0,17.5889,67.2766
120,0,17.5841,68.1243
121,0,17.6425,68.4554
122,0,17.6150,69.0190
123,0,17.6669,68.8261
124,0,17.6510,69.4334
125,0,17.5337,70.2582
126,0,17.5696,69.9329
127,0,17.4923,70.2390
128,0,17.4188,70.4583
129,0,17.4104,70.7230
130,0,17.2871,71.1884
131,0,17.2043,71.8621
132,0,17.2376,71.9390
133,0,17.1388,72.5507
134,0,17.2114,73.6630
135,0,17.2420,74.2147
136,0,17.2253,74.3160
137,0,17.2961,75.1766
138,0,17.2371,76.6279
139,0,17.1593,77.2563
140,0,17.2434,77.4855
141,0,17.1191,78.7077
142,0,17.0767,79.5668
143,0,17.1260,79.9042
144,0,17.0436,79.8758
145,0,17.0890,80.1155
146,0,17.0853,80.3045
147,0,17.0818,80.1034
148,0,17.1573,80.4817
149,0,17.1463,80.5807
150,0,17.1394,81.0783
151,0,17.1196,81.6570
152,0,17.0292,81.8017
153,0,16.9802,82.9397
154,0,17.0057,83.4188
155,0,16.9253,83.6512
156,0,16.9812,83.4015
157,0,16.9381,84.3972
158,0,16.8743,84.9012
159,0,16.9649,85.3287
160,0,16.9454,87.9829
161,0,16.9743,88.7500
162,0,17.0171,89.1037
163,0,16.9919,89.1640
164,0,17.1351,89.5416
165,0,17.1112,90.2365
166,0,17.0192,90.7899
167,0,17.0702,91.0203
168,0,16.9563,91.5990
169,0,16.8199,93.2197
170,0,16.7196,93.7408
171,0,16.6303,95.2407
172,0,16.5932,96.6142
173,0,16.4334,98.0566
174,0,16.3579,100.2110
175,0,16.2406,101.0602
176,0,16.0142,101.8778
177,0,16.0836,101.9144
178,0,15.9683,102.3159
179,0,15.8525,102.9518
180,0,15.9817,103.3830
181,0,15.9003,103.8419
182,0,15.9120,104.5166
183,0,15.9474,105.2013
184,0,15.8436,105.6102
185,0,15.9251,106.1435
186,0,15.9178,106.8167
187,0,15.8613,106.9368
188,0,15.9726,107.3276
189,0,16.0258,108.4342
190,0,16.0803,108.7724
191,0,16.3230,108.9884
192,0,16.3573,109.5434
193,0,16.4115,110.0174
194,0,16.4998,110.4649
195,0,16.3977,110.6280
196,0,16.3705,111.3249
197,0,16.3004,112.0774
198,0,16.2211,112.6370
199,0,16.3926,113.0905
200,0,16.3434,113.8356
201,0,16.3565,114.4026
202,0,16.5274,114.9678
203,0,16.5310,115.5699
204,0,16.5656,116.2187
205,0,16.6493,116.9465
206,0,16.5607,117.2595
207,0,16.5010,117.7499
208,0,16.5189,118.2277
209,0,16.3899,118.7695
210,0,16.3436,119.3535
211,0,16.3321,119.9589
212,0,16.2145,120.5016
213,0,16.3332,120.8961
214,0,16.2908,121.5841
215,0,16.2143,121.9871
216,0,16.3381,122.5337
217,0,16.2815,123.0223
218,0,16.2490,123.6393
219,0,16.3614,124.3310
220,0,16.3083,124.7486
221,0,16.3902,125.5179
222,0,16.4136,126.1102
223,0,16.3380,126.4354
224,0,16.3505,126.9049
225,0,16.2691,127.7272
226,0,16.0758,128.1700
227,0,16.1709,128.4819
228,0,16.0838,129.0298
229,0,16.0084,129.6104
230,0,16.1234,129.9924
231,0,16.0792,130.3978
232,0,16.0308,131.0103
233,0,16.0526,131.5598
234,0,15.8295,132.1431
235,0,15.6820,132.8928
236,0,15.6937,133.5312
237,0,15.6223,134.0213
238,0,15.7662,134.5817
239,0,15.8430,135.2913
240,0,15.7062,135.7385
241,0,15.7458,136.3593
242,0,15.5863,137.1369
243,0,15.4663,137.9038
244,0,15.5915,138.3142
245,0,15.4092,138.9471
246,0,15.3115,139.6731
247,0,15.4152,140.1309
248,0,15.3069,140.4618
249,0,15.4159,140.9329
250,0,15.4276,141.4440
251,0,15.4046,141.9550
252,0,15.5929,142.4152
253,0,15.6199,143.0462
254,0,15.6113,143.6612
255,0,15.7734,144.0992
256,0,15.7107,144.4563
257,0,15.6727,144.7378
258,0,15.8711,144.9009
259,0,15.8821,145.1462
260,0,15.9328,145.4951
261,0,16.0458,145.7425
262,0,16.0511,145.9927
263,0,16.0630,146.3273
