0,0,15.3083,10.0165
1,0,15.3740,10.0069
2,0,15.2125,11.1587
3,0,15.1786,11.8393
4,0,15.1641,14.2579
5,0,15.5665,12.3188
6,0,15.8868,8.8215
7,0,16.0423,10.2123
8,0,16.1203,8.4297
9,0,16.0081,10.5775
10,0,15.9383,10.1738
11,0,15.4390,17.3161
12,0,15.6477,16.2208
13,0,15.6226,17.0873
14,0,15.4559,19.1428
15,0,15.4346,20.4883
16,0,15.4511,21.9243
17,0,15.6175,19.2229
18,0,15.6387,19.8528
19,0,15.5125,22.4783
20,0,15.4659,24.2014
21,0,15.7920,24.4879
22,0,15.6324,27.4569
23,0,15.6748,26.5384
24,0,15.6892,27.6505
25,0,15.6934,27.9921
26,0,15.6294,28.3452
27,0,15.6165,29.0738
28,0,15.7063,28.3532
29,0,15.5659,30.2432
30,0,15.6138,29.1444
31,0,15.5527,29.7825
32,0,15.5147,31.4374
33,0,15.6141,30.0423
34,0,15.6839,30.8858
35,0,15.7542,31.6532
36,0,15.6110,33.4309
37,0,15.5509,33.7766
38,0,15.3965,35.3435
39,0,15.3670,35.6565
40,0,15.1823,35.6551
41,0,15.4055,34.1564
42,0,15.4604,33.3613
43,0,15.2177,37.6119
44,0,15.1272,39.3685
45,0,15.1395,39.6839
46,0,15.0579,40.3640
47,0,15.0935,40.5888
48,0,15.1455,40.2783
49,0,15.2911,38.8077
50,0,15.1490,42.8730
51,0,15.2295,43.0064
52,0,15.2594,44.3123
53,0,15.2907,49.0807
54,0,15.3556,48.7546
55,0,15.1692,49.7578
56,0,15.3579,51.9049
57,0,15.2952,52.6816
58,0,15.3262,54.5212
59,0,15.3051,54.8528
60,0,15.2506,55.0021
61,0,15.3065,55.2967
62,0,15.2976,55.8503
63,0,15.2990,56.3929
64,0,15.2962,56.7381
65,0,15.2756,57.1876
66,0,15.2624,58.3832
67,0,15.2989,58.4282
68,0,15.2690,60.0124
69,0,15.2810,60.5011
70,0,15.2588,61.2142
71,0,15.1829,61.9021
72,0,15.1330,62.3878
73,0,15.0291,63.3102
74,0,15.0006,63.3656
75,0,14.9659,63.6950
76,0,15.0008,64.1868
77,0,15.0089,64.6621
78,0,15.0260,64.7558
79,0,15.1069,65.1879
80,0,15.1050,66.1301
81,0,15.0708,65.8404
82,0,15.1018,67.0427
83,0,15.1836,66.6409
84,0,15.2448,66.9318
85,0,15.3771,66.7046
86,0,15.3878,67.7795
87,0,15.3869,68.0860
88,0,15.3809,68.6280
89,0,15.4675,68.1723
90,0,15.4821,68.8410
91,0,15.5253,68.6936
92,0,15.4878,69.2612
93,0,15.4934,69.5263
94,0,15.4743,70.1638
95,0,15.4474,70.8433
96,0,15.5806,71.0858
97,0,15.5697,71.5892
98,0,15.5746,72.3452
99,0,15.5861,72.3016
100,0,15.6060,72.5824
101,0,15.5379,73.1311
102,0,15.3884,74.3807
103,0,15.4507,74.3765
104,0,15.5145,74.2642
105,0,15.4763,74.9382
106,0,15.4434,76.0374
107,0,15.4326,76.6130
108,0,15.4412,77.2684
109,0,15.4796,77.2575
110,0,15.5071,77.9346
111,0,15.5322,78.3905
112,0,15.5650,79.0127
113,0,15.5421,79.5257
114,0,15.5944,80.0486
115,0,15.6601,80.1007
116,0,15.7720,83.2445
117,0,15.7399,85.3539
118,0,15.7547,86.9045
119,0,15.7571,87.6519
120,0,15.8051,87.3710
121,0,15.8612,87.6672
122,0,16.4580,83.8934
123,0,16.4354,83.8089
124,0,16.1019,88.2973
125,0,16.0786,90.7381
126,0,16.0413,90.7889
127,0,16.1044,91.5716
128,0,16.2412,91.1409
129,0,16.2961,91.7505
130,0,16.3307,91.8578
131,0,16.3168,92.3798
132,0,16.3234,92.8324
133,0,16.2405,93.2844
134,0,16.1685,94.1654
135,0,16.2193,94.6313
136,0,16.1854,94.9621
137,0,16.1474,95.1552
138,0,16.1336,95.3256
139,0,16.1880,95.8307
140,0,16.2072,95.9284
141,0,16.2673,96.2303
142,0,16.4122,96.2175
143,0,16.4274,96.6170
144,0,16.4202,97.0664
145,0,16.4977,96.9974
146,0,16.5016,97.8084
147,0,16.5175,98.0729
148,0,16.5747,98.4892
149,0,16.6166,98.8118
150,0,16.5602,99.1768
151,0,16.5752,99.5542
152,0,16.6505,99.8074
153,0,16.6351,100.2097
154,0,16.6773,100.4417
155,0,16.8539,101.5118
156,0,16.9388,102.1875
157,0,16.9787,102.8182
158,0,17.1846,103.6595
159,0,16.9953,104.1178
160,0,16.9368,104.8513
161,0,16.9854,104.4469
162,0,16.8764,104.8123
163,0,16.7498,105.0128
164,0,16.7333,105.2809
165,0,16.7208,105.7120
166,0,16.6119,106.0752
167,0,16.5560,106.7878
168,0,16.5569,106.8798
169,0,16.4184,107.6870
170,0,16.2852,107.9126
171,0,16.1927,108.1102
172,0,16.0974,108.8148
173,0,16.0465,109.2483
174,0,16.0109,109.7195
175,0,15.9239,110.1053
176,0,15.7659,111.0117
177,0,15.6841,111.5449
178,0,15.6335,111.8475
179,0,15.5729,112.3480
180,0,15.5366,112.5828
181,0,15.5328,113.1623
182,0,15.5465,113.5134
183,0,15.4964,114.2036
184,0,15.5220,114.2926
185,0,15.5143,114.8402
186,0,15.4913,115.3028
187,0,15.4758,115.6943
188,0,15.5123,116.4389
189,0,15.5583,116.7443
190,0,15.5287,117.4603
191,0,15.5539,117.6659
192,0,15.5367,118.2351
193,0,15.5412,118.4739
194,0,15.5059,118.8051
195,0,15.4368,119.2817
196,0,15.4601,119.6153
197,0,15.4403,120.0963
198,0,15.3956,120.3217
199,0,15.4095,120.8721
200,0,15.4518,121.0148
201,0,15.4200,121.5236
202,0,15.4491,121.9194
203,0,15.5398,122.3889
204,0,15.6109,122.8314
205,0,15.6608,123.3070
206,0,15.6819,123.6006
207,0,15.7582,123.6952
208,0,15.7698,124.3955
209,0,15.8115,124.6455
210,0,15.7930,125.2768
211,0,15.8553,125.2299
212,0,15.8659,125.8230
213,0,15.9280,125.1828
214,0,15.9352,126.5305
215,0,15.9656,126.6813
216,0,15.9463,127.4028
217,0,15.8344,128.1101
218,0,15.8330,128.4295
219,0,15.7436,128.9602
220,0,15.7035,129.2188
221,0,15.6716,129.6841
222,0,15.6656,130.0831
223,0,15.5605,130.4015
224,0,15.5510,130.8888
225,0,15.6234,131.1520
226,0,15.5543,131.6829
227,0,15.5123,131.9992
228,0,15.5241,132.6928
229,0,15.5441,133.0964
230,0,15.5024,133.4335
231,0,15.5264,133.9487
232,0,15.6534,134.1645
233,0,15.6269,134.7152
234,0,15.6144,134.9957
