0,0,4.3391,18.1119
1,0,4.2936,17.7977
2,0,4.3315,17.7923
3,0,4.3907,17.9684
4,0,4.4350,18.0730
5,0,4.5032,18.2145
6,0,4.5372,17.9657
7,0,4.5535,18.6631
8,0,4.6572,20.1020
9,0,4.6409,20.9863
10,0,4.6900,22.0209
11,0,4.7542,22.9328
12,0,4.7610,23.6192
13,0,4.8527,24.8727
14,0,4.9607,25.6814
15,0,4.9706,25.7284
16,0,5.0015,26.2083
17,0,4.9919,26.4158
18,0,5.0123,27.0995
19,0,5.0865,28.2671
20,0,5.0432,28.4786
21,0,5.1707,29.7009
22,0,5.2057,30.2231
23,0,5.2766,31.2290
24,0,5.3620,32.6017
25,0,5.3926,33.3649
26,0,5.4208,34.4731
27,0,5.4730,35.4298
28,0,5.5017,37.2291
29,0,5.5356,38.7310
30,0,5.5599,40.4320
31,0,5.5822,41.5757
32,0,5.5614,41.9950
33,0,5.5448,43.0022
34,0,5.5501,43.6954
35,0,5.5187,43.3341
36,0,5.4763,43.1549
37,0,5.5265,44.0489
38,0,5.5507,44.1459
39,0,5.5199,43.6828
40,0,5.5651,43.3647
41,0,5.5705,43.3097
42,0,5.6129,43.2591
43,0,5.6834,43.7386
44,0,5.6710,43.7044
45,0,5.7633,44.4165
46,0,5.7632,44.6522
47,0,5.8114,44.8666
48,0,5.8728,45.6253
49,0,5.8629,46.8368
50,0,5.8919,47.9027
51,0,5.8544,48.2338
52,0,5.7572,48.0339
53,0,5.7570,49.2852
54,0,5.7653,50.1351
55,0,5.7300,50.9710
56,0,5.6897,51.0757
57,0,5.7046,52.2092
58,0,5.6759,53.0128
59,0,5.6441,53.8272
60,0,5.5632,54.0709
61,0,5.5919,55.2733
62,0,5.5525,55.7257
63,0,5.5050,56.1518
64,0,5.4493,56.4967
65,0,5.3450,56.6960
66,0,5.2704,57.2690
67,0,5.2388,57.6550
68,0,5.2056,58.0392
69,0,5.1823,58.2157
70,0,5.1771,58.3753
71,0,5.1783,59.3628
72,0,5.2144,60.3608
73,0,5.1918,61.0046
74,0,5.2759,62.4176
75,0,5.2444,63.2948
76,0,5.1883,64.1594
77,0,5.1089,64.4718
78,0,4.9553,65.2192
79,0,4.8935,65.8659
80,0,4.7352,66.2955
81,0,4.5006,66.1410
82,0,4.1217,63.9997
83,0,3.9641,64.4236
84,0,4.2777,69.2028
85,0,4.1847,69.9644
86,0,3.9992,69.9456
87,0,3.8472,69.9060
88,0,3.7328,70.5137
89,0,3.5915,70.7731
90,0,3.5353,71.0659
91,0,3.4247,71.3978
92,0,3.4114,71.8658
93,0,3.4567,72.6289
94,0,3.4455,73.1489
95,0,3.5057,73.3855
96,0,3.4568,74.1412
97,0,3.4779,74.9522
98,0,3.5226,75.7605
99,0,3.4604,75.9446
100,0,3.5583,76.6468
101,0,3.6180,77.4194
102,0,3.6741,77.8462
103,0,3.7230,78.1706
104,0,3.7614,79.0074
105,0,3.8092,80.1365
106,0,3.8449,80.8640
107,0,3.8211,81.3964
108,0,3.8436,82.4264
109,0,3.8073,83.6026
110,0,3.7826,84.1729
111,0,3.7629,84.5895
112,0,3.7370,85.4724
113,0,3.7722,86.6099
114,0,3.7855,87.6301
115,0,3.7577,87.8426
116,0,3.7458,87.9539
117,0,3.7508,88.9016
118,0,3.8117,90.2775
119,0,3.8103,91.1158
120,0,3.7746,91.7673
121,0,3.8187,92.8115
122,0,3.7584,93.3233
123,0,3.7120,93.9190
124,0,3.7295,93.8518
125,0,3.7296,94.5210
126,0,3.7703,95.5423
127,0,3.7313,96.0959
128,0,3.7013,96.6445
129,0,3.7465,97.3964
130,0,3.7628,98.3232
131,0,3.7008,98.9767
132,0,3.6979,99.4972
133,0,3.6208,100.0718
134,0,3.6341,101.0397
135,0,3.6336,101.8102
136,0,3.5763,102.0883
137,0,3.5984,102.6484
138,0,3.5557,103.5703
139,0,3.5899,104.0308
140,0,3.6519,104.5325
141,0,3.6713,105.3864
142,0,3.7809,106.5950
143,0,3.8397,107.4478
144,0,3.9153,108.1640
145,0,4.0040,108.5686
146,0,4.0638,109.5390
147,0,4.1478,110.4036
148,0,4.1648,110.8193
149,0,4.1183,111.1120
150,0,4.1841,111.8663
151,0,4.2285,112.5715
152,0,4.2231,112.9180
153,0,4.2840,113.3814
154,0,4.2960,113.9823
155,0,4.3685,114.7732
156,0,4.4408,115.5661
157,0,4.3927,116.2015
158,0,4.4465,116.8621
159,0,4.4585,117.4625
160,0,4.4719,118.0928
161,0,4.5570,118.6630
162,0,4.5767,119.3092
163,0,4.7121,120.2671
164,0,4.8419,121.0710
165,0,4.8699,121.6335
166,0,4.9475,122.3318
167,0,4.9628,123.1072
168,0,5.0139,123.8393
169,0,5.0824,124.3239
170,0,5.1138,124.8274
171,0,5.2985,125.6258
172,0,5.5642,126.3611
173,0,5.7134,126.7425
174,0,5.9829,127.3446
175,0,6.2287,128.0362
176,0,6.4752,128.7278
177,0,6.7740,129.3396
178,0,6.9724,129.7122
179,0,7.2505,130.6388
180,0,7.5751,131.1702
181,0,7.8406,131.4948
182,0,8.2086,132.0472
183,0,8.5720,132.7222
184,0,8.8631,133.4166
185,0,9.2903,133.9705
186,0,9.6251,134.3644
187,0,9.9507,135.1194
188,0,10.3360,135.8864
189,0,10.6403,136.4404
190,0,10.9673,137.0465
191,0,11.2437,137.7847
192,0,11.4560,138.6715
193,0,11.9173,139.3511
194,0,12.2584,139.7814
195,0,12.5304,140.4462
196,0,12.7866,141.1774
197,0,13.0583,141.5318
198,0,13.4798,141.8901
199,0,13.7534,142.7360
200,0,13.9401,143.6133
201,0,14.1607,144.3086
202,0,14.3585,144.8413
203,0,14.4925,145.6116
204,0,14.5534,146.4812
205,0,14.6602,147.1424
206,0,14.7469,147.8542
207,0,14.7222,148.4965
208,0,14.6728,149.3103
209,0,14.5835,150.0531
210,0,14.5299,150.5871
211,0,14.4737,151.1260
212,0,14.4059,151.4853
213,0,14.3772,151.7468
214,0,14.3628,152.0440
215,0,14.2036,152.4459
216,0,13.9845,152.9299
