0,0,14.4690,19.1402
1,0,14.5636,19.1754
2,0,14.4576,21.8530
3,0,14.4437,21.7031
4,0,14.4330,22.2323
5,0,14.4824,22.1663
6,0,14.4723,21.5588
7,0,14.4858,22.1374
8,0,14.4093,22.9509
9,0,14.4608,23.1791
10,0,14.5757,22.8613
11,0,14.6755,22.7068
12,0,14.7683,23.5932
13,0,14.7642,23.3781
14,0,14.7713,24.0216
15,0,14.7283,24.4349
16,0,14.7669,24.1941
17,0,14.7068,24.5974
18,0,14.6710,24.6408
19,0,14.7305,24.0362
20,0,14.7166,24.1816
21,0,14.7141,24.1975
22,0,14.7000,24.3727
23,0,14.6461,24.5522
24,0,14.6313,24.5672
25,0,14.5974,25.3624
26,0,14.5431,25.6761
27,0,14.5430,25.6561
28,0,14.5397,26.1741
29,0,14.4965,26.9474
30,0,14.4514,28.3034
31,0,14.4092,28.8353
32,0,14.3745,29.9224
33,0,14.2858,30.3916
34,0,14.2524,30.6187
35,0,14.1827,31.2560
36,0,13.9355,34.0107
37,0,13.9417,35.0104
38,0,13.9671,34.8531
39,0,13.9749,34.8372
40,0,14.0331,35.0069
41,0,14.0361,35.4802
42,0,14.0755,35.7057
43,0,14.0809,34.8677
44,0,14.0076,34.8647
45,0,14.0503,35.2725
46,0,14.0925,35.3667
47,0,14.0850,35.1807
48,0,14.1653,35.4378
49,0,14.1215,36.3272
50,0,14.1340,36.2915
51,0,14.1463,36.3935
52,0,14.1233,36.8738
53,0,14.2228,36.6452
54,0,14.4200,37.3053
55,0,14.5124,37.3001
56,0,14.6682,36.6862
57,0,14.7293,37.6439
58,0,14.7642,38.1663
59,0,14.9142,37.9869
60,0,14.9926,38.5242
61,0,15.0392,38.9091
62,0,15.0567,39.1612
63,0,15.0573,39.7890
64,0,15.1268,39.6566
65,0,15.1802,38.7030
66,0,15.0024,39.9112
67,0,14.9671,39.4764
68,0,14.8581,39.8181
69,0,14.9311,39.1688
70,0,14.9179,39.3326
71,0,14.8764,40.0123
72,0,14.9237,40.6405
73,0,14.8781,40.9520
74,0,14.7621,41.5670
75,0,14.6797,42.3810
76,0,14.5785,42.6178
77,0,14.5745,43.3419
78,0,14.5851,44.0457
79,0,14.4505,45.5592
80,0,14.5405,45.8486
81,0,14.5401,46.0733
82,0,14.4575,46.8510
83,0,14.5323,47.1876
84,0,14.5284,47.9565
85,0,14.4650,48.4869
86,0,14.4842,49.3149
87,0,14.4011,50.3197
88,0,14.3332,50.8514
89,0,14.3715,51.3930
90,0,14.2013,52.5953
91,0,14.1968,53.0435
92,0,14.1283,53.9979
93,0,14.0113,54.1671
94,0,13.9620,54.7005
95,0,13.9196,55.1363
96,0,13.9426,55.0536
97,0,14.0012,55.7544
98,0,14.0280,55.7502
99,0,14.1072,56.0368
100,0,14.1883,56.0086
101,0,14.1648,56.3309
102,0,14.2191,56.9825
103,0,14.2306,57.7426
104,0,14.2660,57.9690
105,0,14.3026,58.4883
106,0,14.2744,59.5621
107,0,14.2448,60.9838
108,0,14.2864,61.8738
109,0,14.2837,62.1226
110,0,14.3819,61.9920
111,0,14.4215,62.6224
112,0,14.4296,62.5659
113,0,14.4689,62.9076
114,0,14.4509,63.2082
115,0,14.4714,63.3069
116,0,14.4872,63.4664
117,0,14.4133,63.8533
118,0,14.3753,64.2416
119,0,14.3036,64.0444
120,0,14.1121,64.9114
121,0,14.1253,65.2659
122,0,14.1182,65.3708
123,0,14.0822,66.0496
124,0,14.0852,66.1479
125,0,13.9996,66.3976
126,0,13.9176,66.7160
127,0,13.9303,66.9310
128,0,13.9109,67.3742
129,0,13.9204,67.9543
130,0,13.9560,68.5157
131,0,13.9202,69.2634
132,0,13.9959,69.6493
133,0,13.9780,69.8797
134,0,13.9323,70.6522
135,0,13.9496,71.1637
136,0,13.9756,71.5156
137,0,14.0804,71.8092
138,0,14.2263,72.2191
139,0,14.2246,72.3024
140,0,14.2269,73.3010
141,0,14.2730,73.6194
142,0,14.2412,73.6939
143,0,14.2461,74.4357
144,0,14.2356,75.1844
145,0,14.3001,75.4940
146,0,14.3799,75.5768
147,0,14.4176,75.6488
148,0,14.5093,75.6793
149,0,14.6244,75.9215
150,0,14.6000,76.3936
151,0,14.6844,76.8345
152,0,14.6831,76.8591
153,0,14.5801,77.6245
154,0,14.4983,78.3650
155,0,14.4549,78.5651
156,0,14.5149,78.5362
157,0,14.5753,78.8069
158,0,14.5525,79.5535
159,0,14.6510,79.4885
160,0,14.7181,79.3124
161,0,14.6534,80.2433
162,0,14.7340,80.7394
163,0,14.6850,81.6743
164,0,14.6305,82.3224
165,0,14.6439,82.8358
166,0,14.6482,83.3124
167,0,14.7062,83.4072
168,0,14.7011,83.7757
169,0,14.6428,84.1729
170,0,14.6708,84.9699
171,0,14.6295,85.4464
172,0,14.5913,85.8350
173,0,14.7030,85.8178
174,0,14.6267,86.4462
175,0,14.6656,86.8602
176,0,14.6844,87.2781
177,0,14.6423,87.7858
178,0,14.6508,88.2351
179,0,14.6076,88.7900
180,0,14.6163,89.0608
181,0,14.6278,89.6376
182,0,14.6381,90.2259
183,0,14.6698,90.7091
184,0,14.6751,91.1071
185,0,14.6037,91.6033
186,0,14.5930,92.1598
187,0,14.5667,92.5842
188,0,14.5415,92.9866
189,0,14.5608,93.4376
190,0,14.5114,94.2435
191,0,14.5448,94.7170
192,0,14.5756,94.7522
193,0,14.5607,95.0692
194,0,14.6013,95.6091
195,0,14.5876,95.9861
196,0,14.5923,96.4353
197,0,14.6031,97.2250
198,0,14.5600,97.8696
199,0,14.5830,98.4234
200,0,14.6434,98.9321
201,0,14.6682,99.2414
202,0,14.7632,99.6873
203,0,14.8365,100.1606
204,0,14.8749,100.9207
205,0,14.9686,101.2705
206,0,14.9710,101.8641
207,0,15.0898,101.9385
208,0,15.1589,102.4329
209,0,15.0594,103.1096
210,0,15.0620,103.6058
211,0,15.1003,104.3061
212,0,15.0807,104.6297
213,0,15.1066,104.9176
214,0,15.0798,105.4472
215,0,15.0830,105.8410
216,0,15.2583,106.0262
217,0,15.2524,106.2407
218,0,15.2955,106.7190
219,0,15.3285,107.1827
220,0,15.3371,107.7162
221,0,15.4472,108.0944
222,0,15.4812,108.7146
223,0,15.5440,109.0686
224,0,15.6122,109.2338
225,0,15.5962,109.7774
226,0,15.6357,110.4065
227,0,15.7210,110.8564
228,0,15.7321,111.2285
229,0,15.7922,111.6584
230,0,15.7757,112.3484
231,0,15.8209,112.8385
232,0,15.8950,113.3881
233,0,15.8738,113.8301
234,0,15.9058,114.3654
235,0,15.8941,114.9932
236,0,15.8865,115.4968
237,0,15.8890,116.1444
238,0,15.8950,116.7494
239,0,15.8967,117.2680
240,0,15.9159,117.5962
241,0,15.8799,117.8156
242,0,15.8977,118.2843
243,0,15.8674,118.7178
244,0,15.8640,119.1028
245,0,15.8434,119.8043
246,0,15.9071,120.1787
247,0,15.9101,120.7651
248,0,15.9075,121.5608
249,0,15.8617,122.1678
250,0,15.8506,123.0254
251,0,15.7571,123.7906
252,0,15.6547,124.7267
253,0,15.6212,125.4964
254,0,15.6129,126.0532
255,0,15.5646,126.8522
256,0,15.5699,127.3730
257,0,15.5561,127.9190
258,0,15.5657,128.4997
259,0,15.5758,129.0324
260,0,15.5722,129.6730
261,0,15.6677,130.0998
262,0,15.6940,130.7391
263,0,15.8175,131.1074
264,0,15.8844,131.5533
265,0,15.9213,131.9856
266,0,15.9282,132.4331
267,0,15.8788,132.8233
268,0,15.8020,133.2488
269,0,15.8266,133.6578
270,0,15.7511,134.1527
271,0,15.7749,134.6818
272,0,15.8138,135.0133
273,0,15.7560,135.4076
274,0,15.7437,135.9364
275,0,15.7086,136.3640
276,0,15.7283,136.7393
277,0,15.7891,137.1266
278,0,15.7632,137.5499
279,0,15.8260,138.0030
280,0,15.8918,138.3356
281,0,15.9116,138.7595
282,0,15.9861,139.2703
283,0,15.9710,139.7049
284,0,16.0170,140.0686
285,0,16.0125,140.5636
286,0,15.9259,141.0879
287,0,15.9342,141.5079
288,0,15.9268,141.9044
289,0,15.8476,142.3875
290,0,15.8906,142.9008
291,0,15.8297,143.3727
292,0,15.8100,143.7924
293,0,15.8563,144.1942
294,0,15.8301,144.6867
295,0,15.9253,145.1119
296,0,15.9961,145.5511
297,0,16.0025,146.0418
298,0,16.0110,146.6872
299,0,16.0099,147.1530
300,0,16.1398,147.4159
301,0,16.1796,147.6623
302,0,16.1856,147.8251
303,0,16.2503,148.0135
304,0,16.2679,148.2163
305,0,16.3020,148.4414
306,0,16.4073,148.6850
307,0,16.4711,148.9778
