0,0,10.9064,31.0379
1,0,11.1675,31.5330
2,0,11.1679,34.1875
3,0,11.1315,34.8412
4,0,11.1386,35.2934
5,0,11.1755,35.1382
6,0,11.0851,34.9079
7,0,11.0565,34.4420
8,0,10.9407,35.2618
9,0,10.8607,37.0338
10,0,10.7663,36.8343
11,0,10.8688,37.1255
12,0,10.8497,36.5957
13,0,10.7534,37.4140
14,0,10.6574,38.1250
15,0,10.5860,38.2154
16,0,10.5068,37.5589
17,0,10.5409,37.3527
18,0,10.5445,37.0487
19,0,10.5694,37.1529
20,0,10.4938,37.5413
21,0,10.7264,38.1896
22,0,10.7131,38.5808
23,0,10.7890,39.0777
24,0,10.8882,39.4849
25,0,10.9593,40.2363
26,0,11.0380,40.3173
27,0,11.0653,39.9496
28,0,11.0881,39.0592
29,0,11.1114,42.0818
30,0,11.1001,43.0936
31,0,11.1705,44.0550
32,0,11.1543,46.1006
33,0,11.2339,47.6665
34,0,11.3330,47.7030
35,0,11.3414,48.9421
36,0,11.3519,46.6458
37,0,11.4062,48.5148
38,0,11.4434,47.3544
39,0,11.3495,50.5094
40,0,11.2832,48.5152
41,0,10.9532,56.5080
42,0,11.0896,59.6106
43,0,11.2620,61.6284
44,0,11.2161,58.9816
45,0,11.8898,56.7392
46,0,12.0103,56.0697
47,0,12.0661,56.5760
48,0,12.1125,57.0194
49,0,12.2075,57.9050
50,0,12.2097,56.9937
51,0,12.1999,59.3141
52,0,12.3199,59.1065
53,0,12.4221,58.2334
54,0,12.4269,58.1623
55,0,12.4996,58.2748
56,0,12.5635,56.7883
57,0,12.3968,58.3997
58,0,12.3165,58.0121
59,0,12.2594,57.5293
60,0,12.1561,57.0093
61,0,12.0415,56.4347
62,0,12.0208,56.0377
63,0,11.9859,56.2421
64,0,11.9662,55.9785
65,0,12.1876,53.1636
66,0,12.2388,50.7920
67,0,12.1626,48.2673
68,0,12.2457,48.0079
69,0,12.3085,45.4489
70,0,12.4399,47.7247
71,0,12.5289,49.0575
72,0,12.4631,48.5444
73,0,12.3502,50.8753
74,0,12.3187,50.8197
75,0,12.4071,51.8681
76,0,12.4983,52.4262
77,0,12.4582,51.6988
78,0,12.4753,50.2934
79,0,12.5243,48.0600
80,0,12.4770,45.5320
81,0,12.4265,45.2388
82,0,12.4783,48.2892
83,0,12.5478,46.4189
84,0,12.5899,46.2359
85,0,12.5550,47.5275
86,0,12.5260,45.5591
87,0,12.6105,44.9495
88,0,12.5795,44.3766
89,0,12.6089,42.4235
90,0,12.5645,43.3574
91,0,12.5851,42.3203
92,0,12.5590,42.5979
93,0,12.5755,41.7395
94,0,12.5414,42.2750
95,0,12.5163,42.6267
96,0,12.5750,43.0446
97,0,12.7285,43.5012
98,0,13.0260,43.0096
99,0,13.2095,44.1107
100,0,13.3853,43.4091
101,0,13.7212,42.1000
102,0,13.8616,41.0236
103,0,13.9771,41.3039
104,0,14.1352,40.8768
105,0,14.2347,38.5215
106,0,14.3089,39.0077
107,0,14.4284,39.2420
108,0,14.5872,39.0951
109,0,14.5250,40.9427
110,0,14.4698,41.8223
111,0,14.4574,41.9755
112,0,14.2953,41.3948
113,0,14.1543,41.5546
114,0,14.1134,41.5906
115,0,14.0633,41.9618
116,0,14.0138,42.0730
117,0,13.9764,42.2975
118,0,13.8988,42.7645
119,0,13.8507,43.2080
120,0,13.7710,43.6129
121,0,13.7648,43.6247
122,0,13.7298,44.2316
123,0,13.7202,44.2808
124,0,13.7191,44.2675
125,0,13.6737,44.5765
126,0,13.6368,44.8774
127,0,13.6381,44.9502
128,0,13.6160,44.4297
129,0,13.6050,44.6267
130,0,13.5678,45.1167
131,0,13.5258,45.2822
132,0,13.5137,45.8161
133,0,13.4840,45.5229
134,0,13.5220,44.7393
135,0,13.5656,43.9615
136,0,13.5721,43.5086
137,0,13.6237,42.8396
138,0,13.6329,43.2225
139,0,13.9779,41.8521
140,0,13.8230,41.7177
141,0,13.7888,41.0858
142,0,13.7287,41.5923
143,0,13.4537,41.6334
144,0,13.1053,42.5924
145,0,12.8692,43.6887
146,0,12.6346,44.4998
147,0,12.4309,44.1080
148,0,12.2740,42.8860
149,0,12.0979,43.0369
150,0,12.0500,44.1528
151,0,12.0193,43.1217
152,0,11.9707,44.2726
153,0,11.8684,45.0937
154,0,11.8037,45.4926
155,0,11.8392,47.1774
156,0,11.8939,47.5538
157,0,11.8504,47.8050
158,0,11.8844,47.8017
159,0,11.8187,47.5266
160,0,11.7989,48.0899
161,0,11.7468,48.4398
162,0,11.7779,47.9919
163,0,11.8110,48.3761
164,0,11.8725,48.6557
165,0,12.0728,47.9866
166,0,12.0405,47.7700
167,0,12.0019,48.5357
168,0,11.9960,49.0338
169,0,12.0181,49.1472
170,0,12.1023,48.9662
171,0,12.0576,49.3542
172,0,11.9799,50.2553
173,0,11.9238,50.8009
174,0,11.8800,51.1447
175,0,11.9570,52.4465
176,0,11.9488,52.9453
177,0,11.9665,53.3817
178,0,12.0169,54.2722
179,0,12.1403,54.9594
180,0,12.3486,56.3651
181,0,12.2843,56.9817
182,0,12.3112,57.4907
183,0,12.3409,57.7543
184,0,12.3170,58.4385
185,0,12.3144,59.5216
186,0,12.3389,59.5226
187,0,12.3261,60.3383
188,0,12.3541,60.1323
189,0,12.3805,60.1911
190,0,12.3727,61.7499
191,0,12.3046,61.7581
192,0,12.3246,62.0855
193,0,12.2800,63.1431
194,0,12.3391,63.6398
195,0,12.4587,62.8835
196,0,12.5097,63.3169
197,0,12.6564,63.6944
198,0,12.7589,64.5351
199,0,12.7783,64.8753
200,0,12.7041,65.7749
201,0,12.6154,65.3330
202,0,12.7190,65.4195
203,0,12.7068,66.2613
204,0,12.7247,66.7446
205,0,12.6490,67.3043
206,0,12.6180,68.0420
207,0,12.5772,68.2107
208,0,12.5236,68.0606
209,0,12.4886,68.7669
210,0,12.5233,68.7423
211,0,12.5234,69.0036
212,0,12.5789,69.9377
213,0,12.4769,70.4460
214,0,12.5739,70.7730
215,0,12.5939,72.0428
216,0,12.5071,72.9531
217,0,12.5247,73.2593
218,0,12.5776,73.6502
219,0,12.5941,74.6437
220,0,12.5983,75.2763
221,0,12.7984,75.4598
222,0,12.8442,76.2701
223,0,12.9728,76.1545
224,0,13.0569,77.1633
225,0,13.0481,78.4453
226,0,13.4496,77.8539
227,0,13.8481,78.6300
228,0,14.1281,79.5279
229,0,14.4680,79.2801
230,0,14.7320,79.2332
231,0,14.8546,80.1864
232,0,14.8423,80.1778
233,0,14.8410,79.9545
234,0,14.8651,79.9434
235,0,14.4830,80.5846
236,0,14.4572,79.9005
237,0,14.1702,80.4784
238,0,14.0530,79.7146
239,0,13.7192,79.8347
240,0,13.5733,79.9218
241,0,13.4987,80.0707
242,0,13.3599,80.3622
243,0,13.2562,81.1401
244,0,13.1412,81.5075
245,0,13.1308,81.0942
246,0,13.1706,80.8526
247,0,13.1774,80.5543
248,0,13.2471,80.3308
249,0,13.2953,79.8960
250,0,13.3087,79.5378
251,0,13.3648,79.0751
252,0,13.3492,78.8146
253,0,13.3928,78.5633
254,0,13.3905,78.6638
255,0,13.4682,77.8963
256,0,13.5522,77.5879
257,0,13.5222,77.7139
258,0,13.5473,77.4210
259,0,13.5383,77.4231
260,0,13.4736,77.4464
261,0,13.4433,77.5788
262,0,13.4457,78.0987
263,0,13.4341,78.2207
264,0,13.4168,78.8437
265,0,13.4432,79.0165
266,0,13.4117,79.3571
267,0,13.3950,79.2058
268,0,13.4172,79.3506
269,0,13.4092,79.3538
270,0,13.3930,79.3525
271,0,13.3835,79.3517
272,0,13.4049,79.0363
273,0,13.4243,78.4973
274,0,13.4361,78.2466
275,0,13.4385,78.1259
276,0,13.4243,77.2879
277,0,13.4601,76.4316
278,0,13.4679,76.5049
279,0,13.4153,76.7118
280,0,13.4263,77.7011
281,0,13.4300,76.7858
282,0,13.4788,76.3622
283,0,13.4512,77.7668
284,0,13.4411,77.7313
285,0,13.4406,77.4346
286,0,13.4032,78.0286
287,0,13.3645,78.6506
288,0,13.3742,78.6807
289,0,13.3540,78.6924
290,0,13.3408,79.0229
291,0,13.3276,79.3105
292,0,13.3286,79.5573
293,0,13.3104,79.9345
294,0,13.2974,80.6443
295,0,13.3514,80.9283
296,0,13.3226,81.3388
297,0,13.2974,81.5149
298,0,13.3188,81.3531
299,0,13.3203,81.8503
300,0,13.3422,81.8628
301,0,13.3423,81.6312
302,0,13.3292,81.7850
303,0,13.3492,81.8249
304,0,13.3825,81.4084
305,0,13.4159,81.1088
306,0,13.4657,80.8309
307,0,13.4866,80.7862
308,0,13.5118,80.1858
309,0,13.4997,80.3864
310,0,13.5004,80.1437
311,0,13.4863,80.2782
312,0,13.5264,80.5254
313,0,13.5604,80.3680
314,0,13.5648,80.1792
315,0,13.6135,79.8922
316,0,13.6255,79.8795
317,0,13.7175,79.6170
318,0,13.8264,79.1862
319,0,14.0351,78.6616
320,0,14.3416,78.2911
321,0,14.4013,78.4716
322,0,14.3263,78.4287
323,0,14.2514,78.0524
324,0,14.2365,77.3923
325,0,14.0811,76.9991
326,0,13.6694,77.6781
327,0,13.5406,77.4473
328,0,13.3539,76.6803
329,0,13.1062,76.3098
330,0,12.9165,75.6509
331,0,12.8524,74.1074
332,0,12.6500,74.2604
333,0,12.5716,73.7755
334,0,12.6138,74.1957
335,0,12.5894,73.4773
336,0,12.5479,73.3131
337,0,12.5452,73.1113
338,0,12.5539,72.3071
339,0,12.4972,72.1412
340,0,12.4422,71.5768
341,0,12.4868,71.1371
342,0,12.6278,70.3869
343,0,12.7310,69.9370
344,0,12.7878,69.4619
345,0,12.8298,69.2552
346,0,13.0020,68.8065
347,0,13.1459,68.2172
348,0,13.1549,68.1342
349,0,13.2130,68.2007
350,0,13.1744,67.5383
351,0,13.1344,67.9731
352,0,13.1687,67.9593
353,0,13.1653,68.2852
354,0,13.1601,68.3381
355,0,13.2291,67.9666
356,0,13.1988,68.4828
357,0,13.2033,68.1735
358,0,13.1715,68.1684
359,0,13.1381,68.3167
360,0,13.1413,68.2316
361,0,13.1314,68.1790
362,0,13.1116,68.1904
363,0,13.1058,67.5739
364,0,13.0821,68.0233
365,0,13.2032,67.9829
366,0,13.2975,67.2018
367,0,13.2901,67.3895
368,0,13.4015,67.6402
369,0,13.5739,67.9279
370,0,13.6591,68.2537
371,0,13.6459,67.9395
372,0,13.8517,67.9172
373,0,14.1084,67.3865
374,0,14.0742,67.1016
375,0,13.9968,67.4206
376,0,13.9832,66.7945
377,0,13.8916,66.7470
378,0,13.8854,66.2676
379,0,13.8641,65.6975
380,0,13.8581,65.5491
381,0,13.6651,65.5448
382,0,13.4839,65.4630
383,0,13.4224,64.4475
384,0,13.3127,64.5941
385,0,13.3196,64.4701
386,0,13.5018,64.0641
387,0,13.5495,63.5025
388,0,13.5370,63.3951
389,0,13.5799,63.2463
390,0,13.5607,63.0947
391,0,13.4035,62.8409
392,0,13.3355,63.0088
393,0,13.5994,62.0140
394,0,13.5198,61.7537
395,0,13.5350,61.4694
396,0,13.4706,61.8790
397,0,13.4711,61.7259
398,0,13.4365,61.8125
399,0,13.4012,62.2083
400,0,13.4056,61.9263
401,0,13.4329,61.9738
402,0,13.4601,61.5811
403,0,13.4857,61.1887
404,0,13.4649,61.6336
405,0,13.5198,61.5395
406,0,13.4820,62.1916
407,0,13.5239,62.1453
408,0,13.5548,62.2014
409,0,13.5769,62.5082
410,0,13.6187,62.0500
411,0,13.6333,62.0805
412,0,13.5433,63.0049
413,0,13.5403,63.0346
414,0,13.5163,63.0557
415,0,13.5030,62.5692
416,0,13.4389,62.9740
417,0,13.4211,62.5596
418,0,13.3758,61.9659
419,0,13.3382,61.6023
420,0,13.1874,61.1411
421,0,13.2848,60.3138
422,0,13.3317,59.8657
423,0,13.3012,59.8034
424,0,13.2665,59.6754
425,0,13.3455,59.8057
426,0,13.5653,58.8167
427,0,13.4898,59.4725
428,0,13.4806,59.7881
429,0,13.4627,59.8692
430,0,13.5633,59.9388
431,0,13.6465,59.9909
432,0,13.5940,59.3900
433,0,13.6203,59.3994
434,0,13.6297,59.8210
435,0,13.6211,59.5973
436,0,13.6046,59.4999
437,0,13.6030,59.4289
438,0,13.6554,59.3281
439,0,13.5885,59.0224
440,0,13.4913,59.0823
441,0,13.5267,58.5291
442,0,13.5529,58.0613
443,0,13.4639,57.9171
444,0,13.4415,57.6760
445,0,13.4440,57.5792
446,0,13.4578,57.5859
447,0,13.4182,57.7983
448,0,13.3895,57.8839
449,0,13.3746,57.6946
450,0,13.3562,57.8039
451,0,13.3859,58.0549
452,0,13.3534,57.9200
453,0,13.3165,57.9024
454,0,13.3451,57.9018
455,0,13.3425,57.9033
456,0,13.3348,58.3447
457,0,13.3183,58.0504
458,0,13.3008,58.4316
459,0,13.3344,58.4448
460,0,13.2431,59.3478
461,0,13.1152,58.9236
462,0,13.1077,58.1484
463,0,13.1744,57.9100
464,0,13.1836,57.5892
465,0,13.1010,57.9123
466,0,12.9947,57.7685
467,0,12.9486,58.1449
468,0,12.9344,57.6847
469,0,13.0186,57.4086
470,0,13.0313,58.0018
471,0,13.0190,58.2683
472,0,13.0157,58.2495
473,0,13.0355,58.1925
474,0,12.9990,58.4621
475,0,13.0361,58.4287
476,0,13.0632,58.3284
477,0,13.1996,57.3492
478,0,13.2358,56.2514
479,0,13.1540,57.2023
480,0,13.1481,57.5629
481,0,13.1819,57.1277
482,0,13.1911,57.0767
483,0,13.1741,56.9366
484,0,13.1333,56.6335
485,0,13.1054,56.5601
486,0,13.0900,56.2416
487,0,13.0458,55.7173
488,0,12.9127,56.2799
489,0,12.9590,55.7895
490,0,12.9712,55.6421
491,0,12.8778,54.7228
492,0,12.8472,54.1990
493,0,12.8685,54.9513
494,0,12.7734,55.6634
495,0,12.6567,55.5244
496,0,12.6832,55.4714
497,0,12.7668,55.5090
498,0,12.7108,55.1797
499,0,12.6574,54.9223
500,0,12.6390,54.4562
501,0,12.6246,54.7414
502,0,12.7069,53.7175
503,0,12.6771,53.6305
504,0,12.5793,55.1879
505,0,12.7427,51.1862
506,0,12.8470,50.3263
507,0,12.9192,51.0392
508,0,12.9996,50.1267
509,0,13.0166,49.2489
510,0,13.0554,51.1465
511,0,13.0471,50.8342
512,0,13.0255,52.2593
513,0,12.9945,51.8804
514,0,13.0095,52.3596
515,0,13.0850,52.4116
516,0,13.1632,52.4944
517,0,13.3332,52.4031
518,0,13.3777,52.6205
519,0,13.3444,52.1453
520,0,13.3584,51.7330
521,0,13.3284,51.6467
522,0,13.3465,51.2002
523,0,13.3599,51.2431
524,0,13.3463,51.3925
525,0,13.3022,52.0963
526,0,13.3206,52.6689
527,0,13.3566,52.5077
528,0,13.3080,52.4496
529,0,13.3287,52.6042
530,0,13.3509,52.3372
531,0,13.3633,52.0478
532,0,13.3611,52.1562
533,0,13.3451,52.0467
534,0,13.2951,52.9055
535,0,13.2957,52.5355
536,0,13.2778,51.7765
537,0,13.2981,51.7328
538,0,13.2576,52.6351
539,0,13.2878,52.1868
540,0,13.3124,52.2093
541,0,13.3525,51.8799
