0,0,10.9148,48.5791
1,0,10.9007,48.3172
2,0,10.9483,48.5690
3,0,10.9406,49.4279
4,0,10.9465,49.8925
5,0,10.9471,49.9789
6,0,10.9389,50.1713
7,0,10.9414,50.5339
8,0,11.0023,50.6611
9,0,10.9889,51.2834
10,0,10.9862,51.8038
11,0,11.0303,51.9027
12,0,11.0043,52.2990
13,0,11.0054,52.8628
14,0,11.0490,53.3824
15,0,10.9980,53.7621
16,0,11.0220,54.4351
17,0,11.0915,53.8161
18,0,11.0491,53.5724
19,0,11.0543,53.1693
20,0,11.1241,53.8368
21,0,11.1428,54.0907
22,0,11.2988,53.3245
23,0,11.4618,52.0076
24,0,11.4298,53.5864
25,0,11.6304,53.1202
26,0,11.6768,54.8774
27,0,11.6896,55.4301
28,0,11.8791,53.3431
29,0,11.7501,55.9121
30,0,11.8456,55.6965
31,0,11.8015,56.5914
32,0,11.8250,57.1484
33,0,11.7843,57.4167
34,0,11.8916,57.1470
35,0,11.9369,59.0057
36,0,11.9877,58.4340
37,0,12.0192,58.9014
38,0,12.0238,60.0728
39,0,11.9773,60.2359
40,0,12.0358,60.5179
41,0,12.0839,61.5260
42,0,12.0762,61.4184
43,0,12.1315,62.3776
44,0,12.1499,62.5730
45,0,12.1322,63.5285
46,0,12.1424,63.8712
47,0,12.1678,64.6456
48,0,12.2018,65.0084
49,0,12.2797,65.1477
50,0,12.3239,66.1369
51,0,12.4518,67.4349
52,0,12.5495,67.4511
53,0,12.5586,67.6869
54,0,12.5926,68.7151
55,0,12.6271,69.2465
56,0,12.7454,69.2863
57,0,12.8497,69.2756
58,0,12.8933,69.7348
59,0,12.9191,69.7877
60,0,13.0251,70.1552
61,0,13.1016,69.9367
62,0,13.0640,70.5346
63,0,13.1508,71.0019
64,0,13.1779,71.6611
65,0,13.2639,71.6484
66,0,13.3009,71.9116
67,0,13.3278,72.5088
68,0,13.3508,71.5469
69,0,13.4132,73.4626
70,0,13.4233,76.0552
71,0,13.4472,75.5382
72,0,13.4638,75.9391
73,0,13.4979,76.2790
74,0,13.5380,76.4556
75,0,13.6438,76.4132
76,0,13.6646,76.7783
77,0,13.7373,77.0182
78,0,13.8490,77.4876
79,0,13.7968,78.0937
80,0,13.8067,77.7467
81,0,13.8412,78.2550
82,0,13.8347,79.4026
83,0,13.8441,77.3862
84,0,13.9044,78.6571
85,0,13.8955,81.4281
86,0,13.9235,81.2852
87,0,13.8997,81.3366
88,0,13.8974,81.7600
89,0,13.9150,82.3832
90,0,14.1019,83.3297
91,0,14.0976,83.9474
92,0,14.1415,84.5731
93,0,14.2782,84.5753
94,0,14.3382,85.0806
95,0,14.3262,85.2949
96,0,14.3448,85.4784
97,0,14.3069,85.5710
98,0,14.2528,85.8093
99,0,14.2515,86.2005
100,0,14.1929,86.5078
101,0,14.1615,87.0934
102,0,14.2001,87.2669
103,0,14.1107,87.8199
104,0,14.0886,88.2347
105,0,14.1251,88.1022
106,0,14.0439,88.6162
107,0,13.9865,89.1576
108,0,13.9692,89.3715
109,0,13.9122,90.2172
110,0,13.8423,91.6659
111,0,13.8826,92.2547
112,0,13.8385,92.6631
113,0,13.7927,93.4271
114,0,13.7848,93.7533
115,0,13.7264,94.2419
116,0,13.6898,95.0109
117,0,13.7494,95.1326
118,0,13.7461,95.6097
119,0,13.7730,96.1784
120,0,13.8218,96.3620
121,0,13.7926,96.4692
122,0,13.8202,96.7530
123,0,13.8765,96.9292
124,0,13.8722,97.3096
125,0,13.8899,97.8826
126,0,13.8976,98.2846
127,0,13.9224,98.5686
128,0,14.0088,98.9206
129,0,14.0101,99.3826
130,0,13.9713,99.6810
131,0,13.9706,100.0730
132,0,13.9295,100.4264
133,0,13.8603,100.8197
134,0,13.8239,101.2014
135,0,13.7801,101.4296
136,0,13.7573,101.6910
137,0,13.8090,101.9990
138,0,13.7748,102.7041
139,0,13.7493,103.0883
140,0,13.7556,103.5061
141,0,13.7440,103.8374
142,0,13.7768,104.3232
143,0,13.8052,104.5950
144,0,13.7536,104.8981
145,0,13.7442,105.2412
146,0,13.7007,105.7204
147,0,13.6438,106.0242
148,0,13.6269,106.4751
149,0,13.6054,106.7392
150,0,13.5998,106.8951
151,0,13.6738,107.1211
152,0,13.6431,107.7886
153,0,13.6322,108.0501
154,0,13.7044,108.4301
155,0,13.6752,108.7821
156,0,13.6616,109.1521
157,0,13.7060,109.5635
158,0,13.6921,109.8913
159,0,13.7121,110.3273
160,0,13.7626,110.5570
161,0,13.7272,111.0617
162,0,13.7028,111.6228
163,0,13.7273,111.8351
164,0,13.6935,112.0879
165,0,13.6573,112.3379
166,0,13.6557,112.4461
167,0,13.5547,112.9373
168,0,13.4631,113.6765
169,0,13.4333,113.8627
170,0,13.3651,114.1339
171,0,13.3262,114.7573
172,0,13.3047,114.9428
173,0,13.2798,115.5864
174,0,13.2897,115.9509
175,0,13.3214,116.2041
176,0,13.3450,116.4164
177,0,13.3724,116.8403
178,0,13.4440,116.9485
179,0,13.4463,117.4114
180,0,13.4556,117.9822
181,0,13.5219,118.0670
182,0,13.5549,118.1106
183,0,13.5881,118.4687
184,0,13.5965,118.7006
185,0,13.5506,119.0488
186,0,13.5512,119.4148
187,0,13.5227,119.8243
188,0,13.4924,120.2120
189,0,13.4922,120.4904
190,0,13.4889,120.8828
191,0,13.4615,121.1390
192,0,13.4890,121.4443
193,0,13.4946,121.8058
194,0,13.4911,122.1313
195,0,13.5342,122.3383
196,0,13.5093,122.6376
197,0,13.4863,122.9370
198,0,13.4997,123.1991
199,0,13.4803,123.5469
200,0,13.4966,123.8509
201,0,13.5282,124.1680
202,0,13.5135,124.5328
203,0,13.5283,124.9369
204,0,13.5198,125.2932
205,0,13.4852,125.6515
206,0,13.4761,126.1566
207,0,13.4389,126.5801
208,0,13.4308,126.8659
209,0,13.4567,127.2327
