0,0,17.6763,-78.0477
1,0,17.5818,-79.3916
2,0,17.3690,-76.9409
3,0,17.2944,-74.5630
4,0,17.6527,-84.6037
5,0,17.4103,-78.9085
6,0,17.4353,-80.5066
7,0,17.4714,-84.0355
8,0,17.5233,-85.2517
9,0,17.3320,-81.7591
10,0,17.3744,-74.1763
11,0,17.3953,-67.7735
12,0,17.5099,-66.4936
13,0,18.3647,-76.2278
14,0,18.7449,-84.4072
15,0,18.9411,-93.9945
16,0,18.6706,-87.1226
17,0,18.2478,-79.5320
18,0,17.7873,-69.9316
19,0,17.3161,-70.3483
20,0,16.8438,-71.5005
21,0,16.6957,-71.9352
22,0,16.7981,-85.7458
23,0,16.6385,-85.1622
24,0,16.7438,-89.9075
25,0,16.7225,-90.9692
26,0,16.7474,-94.9468
27,0,16.7054,-94.6358
28,0,16.6443,-91.6358
29,0,16.0871,-80.1950
30,0,15.6944,-65.9802
31,0,15.4046,-54.2322
32,0,14.9648,-44.3382
33,0,14.5649,-32.6888
34,0,14.3458,-24.8457
35,0,14.0135,-11.8660
36,0,13.6667,-1.9582
37,0,13.3866,10.5780
38,0,12.9560,22.2923
39,0,12.5830,32.0583
40,0,12.3967,41.9472
41,0,12.3224,46.6895
42,0,12.2022,48.9232
43,0,12.2635,48.4162
44,0,12.1966,46.9347
45,0,12.1252,45.1586
46,0,12.0810,45.3985
47,0,12.1057,43.3837
48,0,11.8507,42.5940
49,0,11.7757,39.0739
50,0,11.6037,38.1821
51,0,11.6448,36.5667
52,0,11.6418,36.2382
53,0,11.3938,33.8114
54,0,11.4148,34.5157
55,0,11.3502,34.2345
56,0,11.3234,34.0676
57,0,11.4730,36.8784
58,0,11.4472,35.9331
59,0,11.4376,36.0300
60,0,11.4285,36.4622
61,0,11.5222,35.6637
62,0,11.4644,34.4567
63,0,11.4190,34.5956
64,0,11.3985,34.1247
65,0,11.2809,31.0465
66,0,11.2813,33.3827
67,0,11.3929,34.2610
68,0,11.3274,35.8026
69,0,11.2555,34.5547
70,0,11.4049,32.9670
71,0,11.3283,30.9850
72,0,11.2302,28.1640
73,0,11.2558,27.8287
74,0,11.5803,30.7570
75,0,11.5186,28.7793
76,0,11.4069,26.8285
77,0,11.5423,24.3983
78,0,11.4270,22.8731
79,0,11.2824,22.6588
80,0,11.3023,23.8203
81,0,11.2704,25.1576
82,0,11.2064,24.4871
83,0,11.2235,25.7044
84,0,11.2506,26.1512
85,0,11.2032,26.1562
86,0,11.1382,26.1975
87,0,11.1620,26.9165
88,0,11.1393,28.2298
89,0,11.0130,28.9767
90,0,10.9504,29.9169
91,0,10.8649,31.2055
92,0,10.7287,32.5264
93,0,10.5851,33.3026
94,0,10.5870,33.6420
95,0,10.5660,35.9595
96,0,10.4894,37.7053
97,0,10.4734,39.0702
98,0,10.5544,39.2396
99,0,10.4566,40.4307
100,0,10.3844,40.9924
101,0,10.4156,41.7299
102,0,10.4468,41.8045
103,0,10.3995,42.2562
104,0,10.3853,42.6496
105,0,10.4108,42.6321
106,0,10.4242,44.0559
107,0,10.3641,44.9094
108,0,10.4148,44.8589
109,0,10.4747,45.9770
110,0,10.4581,46.7252
111,0,10.4864,48.3186
112,0,10.5420,48.8940
113,0,10.5751,49.8900
114,0,10.5703,51.5175
115,0,10.6303,52.3113
116,0,10.5637,53.0203
117,0,10.4531,53.4695
118,0,10.1689,52.7582
119,0,10.0748,53.8681
120,0,10.0558,53.0419
121,0,10.0143,52.6892
122,0,10.0204,52.7953
123,0,10.0309,52.6824
124,0,10.2502,53.4316
125,0,10.3141,55.9457
126,0,10.3720,56.9509
127,0,10.2769,58.0537
128,0,10.2728,57.8947
129,0,10.2276,59.0162
130,0,10.1521,55.0817
131,0,10.1517,55.9641
132,0,10.1467,53.8452
133,0,10.1379,52.7971
134,0,10.1164,51.1634
135,0,10.3039,50.7117
136,0,10.3663,51.3714
137,0,10.3858,49.1071
138,0,10.4945,48.3519
139,0,10.5521,46.3481
140,0,10.9473,28.1757
141,0,10.9721,30.0033
142,0,11.1548,38.1074
143,0,11.2715,34.8193
144,0,11.3314,33.0519
145,0,11.3752,32.9528
146,0,11.4979,31.8660
147,0,11.5975,29.7915
148,0,11.7155,28.9430
149,0,11.7265,29.5301
150,0,11.6793,29.3007
151,0,11.7446,28.9657
152,0,11.5964,29.5746
153,0,11.5610,29.5084
154,0,11.6381,28.0622
155,0,11.6637,27.5703
156,0,11.6974,26.6285
157,0,11.7742,26.0528
158,0,11.7612,26.5080
159,0,11.6825,26.3647
160,0,11.7618,19.7130
161,0,11.7295,23.2871
162,0,11.6487,23.0242
163,0,11.5760,22.5055
164,0,11.5098,22.3514
165,0,11.4920,20.8411
166,0,11.3886,21.6756
167,0,11.3553,21.2171
168,0,11.3767,20.6772
169,0,11.3032,22.5547
170,0,11.3489,22.5700
171,0,11.3702,23.1771
172,0,11.3794,22.6993
173,0,11.4507,22.1966
174,0,11.4894,22.5145
175,0,11.5740,20.5004
176,0,11.8208,18.2758
177,0,11.8096,18.2122
178,0,11.8736,18.2472
179,0,11.9561,15.6087
180,0,11.9502,14.7041
181,0,11.9955,14.9328
182,0,11.9525,14.2248
183,0,11.9381,14.6633
184,0,11.9635,13.4925
185,0,11.9753,13.6889
186,0,12.1062,13.4955
187,0,12.1613,11.6206
188,0,12.0944,10.6290
189,0,12.1177,10.3954
190,0,12.1393,10.7993
191,0,12.0734,10.5260
192,0,12.0663,12.9371
193,0,12.1478,10.5694
194,0,12.1688,12.3845
195,0,12.2818,12.7049
196,0,12.2839,14.8299
197,0,12.2921,13.6398
198,0,12.2719,17.9312
