0,0,18.5962,-95.5325
1,0,18.4445,-91.8524
2,0,18.6722,-89.7438
3,0,18.5268,-78.3105
4,0,18.4242,-74.3849
5,0,18.6940,-72.7485
6,0,19.1756,-73.5053
7,0,20.0299,-84.3986
8,0,20.5211,-97.1295
9,0,20.1025,-93.6478
10,0,19.6832,-85.3669
11,0,19.1983,-76.9580
12,0,18.9525,-77.9020
13,0,18.2287,-71.9352
14,0,17.8505,-70.7355
15,0,17.7642,-78.7500
16,0,17.8968,-90.8504
17,0,17.8931,-87.4482
18,0,18.1402,-94.4654
19,0,18.1518,-94.2417
20,0,18.3334,-99.3186
21,0,18.2177,-97.9121
22,0,17.8878,-90.4763
23,0,17.5929,-80.3491
24,0,17.1013,-67.9939
25,0,16.6240,-56.6472
26,0,16.2131,-44.3870
27,0,15.7813,-34.1012
28,0,15.6149,-32.5623
29,0,15.2060,-20.1995
30,0,14.6687,-6.0856
31,0,13.9969,11.6612
32,0,13.5010,23.6779
33,0,13.2702,31.8499
34,0,12.9594,40.9923
35,0,12.7033,48.6763
36,0,12.7220,47.5767
37,0,12.6092,46.8929
38,0,12.5485,45.4044
39,0,12.5176,44.5804
40,0,12.5019,43.0478
41,0,12.4235,40.8357
42,0,12.4594,41.5446
43,0,12.4688,40.9425
44,0,12.3440,40.8760
45,0,12.3952,39.8839
46,0,12.4634,37.3783
47,0,12.4617,37.4081
48,0,12.4732,36.4394
49,0,12.5704,36.1829
50,0,12.5289,36.0498
51,0,12.5375,33.8952
52,0,12.5831,33.7780
53,0,12.5607,34.2317
54,0,12.4953,33.9834
55,0,12.5138,35.0667
56,0,12.6119,35.2398
57,0,12.5912,36.1919
58,0,12.6238,35.7463
59,0,12.6989,36.6265
60,0,12.7719,36.1046
61,0,12.7358,36.6350
62,0,12.7339,37.1314
63,0,12.7597,35.7871
64,0,12.7647,35.5391
65,0,12.7618,35.7381
66,0,12.8025,36.4900
67,0,12.8334,34.8589
68,0,12.7150,35.2445
69,0,12.6924,33.0225
70,0,12.7375,30.6461
71,0,12.7169,29.5664
72,0,12.6846,29.9740
73,0,12.6861,30.7736
74,0,12.7348,29.2269
75,0,12.6620,27.3747
76,0,12.6750,24.7250
77,0,12.7421,24.0431
78,0,12.7384,24.4697
79,0,12.7597,22.6908
80,0,12.7172,22.7862
81,0,12.8005,23.5310
82,0,12.7984,23.3642
83,0,12.7657,23.4743
84,0,12.8419,23.2582
85,0,12.8693,22.9503
86,0,12.7590,24.3412
87,0,12.6815,24.0632
88,0,12.6776,24.2916
89,0,12.5255,27.6455
90,0,12.4020,27.0847
91,0,12.3633,28.6034
92,0,12.3206,30.6522
93,0,12.2002,31.7509
94,0,12.1634,32.6681
95,0,12.1521,33.9289
96,0,12.0613,35.9165
97,0,12.0030,37.1148
98,0,11.9649,38.2646
99,0,11.9118,38.8596
100,0,11.8247,39.6637
101,0,11.7851,41.1711
102,0,11.7524,41.9191
103,0,11.7199,41.4556
104,0,11.7020,41.9950
105,0,11.7800,42.9548
106,0,11.7561,43.9563
107,0,11.6921,44.1736
108,0,11.6777,45.0276
109,0,11.6829,45.5164
110,0,11.6544,46.0224
111,0,11.6324,47.4728
112,0,11.6698,48.3294
113,0,11.6544,49.1953
114,0,11.6436,48.8078
115,0,11.7215,50.6512
116,0,11.7396,51.5036
117,0,11.6852,52.2565
118,0,11.6323,51.9193
119,0,11.6637,52.9142
120,0,11.6305,52.9398
121,0,11.6202,52.8921
122,0,11.6085,53.2957
123,0,11.6556,53.6718
124,0,11.6656,54.0108
125,0,11.6531,55.2989
126,0,11.7161,55.9953
127,0,11.6482,57.0331
128,0,11.6104,56.8681
129,0,11.6000,57.5073
130,0,11.6302,57.5037
131,0,11.6007,57.8475
132,0,11.6015,57.9608
133,0,11.6379,58.8129
134,0,11.6927,58.6692
135,0,11.7062,57.7878
136,0,11.7209,58.0140
137,0,11.7738,57.9863
138,0,11.7187,58.1875
139,0,11.7135,58.2822
140,0,11.7279,59.0598
141,0,11.7230,59.4992
142,0,11.7048,59.7029
143,0,11.7271,59.7059
144,0,11.7807,59.3494
145,0,11.7199,60.4535
146,0,11.7203,60.4467
147,0,11.7564,60.3615
148,0,11.7721,60.5103
149,0,11.7422,60.1088
150,0,11.7627,60.0772
151,0,11.8184,59.5347
152,0,11.8173,58.4318
153,0,11.7975,58.0241
154,0,11.7744,58.1945
155,0,11.7644,58.3049
156,0,11.7413,57.8539
157,0,11.7334,57.6920
158,0,11.7799,57.9824
159,0,11.7812,58.6686
160,0,11.8134,58.8950
161,0,11.8918,60.4033
162,0,11.9439,60.9241
163,0,11.9105,61.2024
164,0,11.8851,61.5162
165,0,11.8978,61.7821
166,0,11.9015,61.5925
167,0,11.9147,62.2771
168,0,11.9603,62.5823
169,0,11.9245,63.1773
170,0,11.8768,63.0643
171,0,11.8955,63.1571
172,0,11.9238,63.2629
173,0,11.9222,63.3862
174,0,11.9125,63.7770
175,0,11.9750,64.1243
176,0,12.0342,64.7652
177,0,12.0197,64.9498
178,0,12.0565,65.8210
179,0,12.1236,66.5720
180,0,12.0903,67.3975
181,0,12.0735,68.1640
182,0,12.0962,68.8500
183,0,12.1039,68.9632
184,0,12.0637,68.9628
185,0,12.0302,68.9539
186,0,12.0328,69.0983
187,0,11.9740,70.0210
188,0,11.9135,69.9104
189,0,11.9176,70.2481
190,0,11.8682,70.5989
191,0,11.7925,70.9228
192,0,11.7344,71.0883
193,0,11.7543,70.8211
194,0,11.6854,71.2774
195,0,11.6744,71.2681
196,0,11.6920,71.8611
197,0,11.6770,71.8840
198,0,11.6038,71.4266
199,0,11.5821,72.2687
200,0,11.6261,72.6573
201,0,11.6226,73.3966
202,0,11.6428,74.2757
203,0,11.8055,74.7338
204,0,11.9166,75.3007
205,0,11.9213,75.8692
206,0,11.9842,76.9933
207,0,12.0551,77.3074
208,0,12.1125,77.7506
209,0,12.1175,77.9054
210,0,12.2115,78.1342
211,0,12.2906,78.4240
212,0,12.2495,78.6928
213,0,12.2092,78.9195
214,0,12.2249,79.0341
215,0,12.2316,79.3056
216,0,12.1783,79.4570
217,0,12.1584,79.7591
218,0,12.2245,79.8128
219,0,12.2357,80.1670
220,0,12.1923,80.4234
221,0,12.2283,80.8243
222,0,12.2174,81.3760
223,0,12.1489,81.8880
224,0,12.1035,82.3099
225,0,12.1087,82.3713
226,0,12.1100,82.4777
227,0,12.0626,82.6994
228,0,12.0362,83.0796
229,0,12.0625,83.0845
230,0,12.0636,82.9478
231,0,12.0153,83.0849
232,0,12.0004,83.4208
233,0,12.0025,83.4839
234,0,11.9914,84.1682
235,0,11.8901,84.5596
236,0,11.8463,84.6377
237,0,11.8783,84.8078
238,0,11.8679,85.3828
239,0,11.8059,85.6005
240,0,11.8274,85.8688
241,0,11.8186,85.8637
242,0,11.7398,85.8723
243,0,11.7046,85.9722
244,0,11.7031,86.0101
245,0,11.6199,86.2357
246,0,11.5287,85.7411
247,0,11.4877,85.7432
248,0,11.5123,86.1065
249,0,11.5084,86.7420
250,0,11.5095,86.5063
251,0,11.5455,87.0812
252,0,11.6610,87.4274
253,0,11.6589,87.6444
254,0,11.6022,87.6160
255,0,11.5664,87.8212
256,0,11.5646,87.8390
257,0,11.4788,88.3189
258,0,11.4045,88.5139
259,0,11.3858,88.9634
260,0,11.3427,89.8067
261,0,11.2501,90.2107
262,0,11.1985,90.5892
263,0,11.2140,91.0071
264,0,11.2615,91.1107
265,0,11.2922,91.3360
266,0,11.3111,91.4840
267,0,11.3755,91.9604
268,0,11.4043,92.1121
269,0,11.3863,92.6137
270,0,11.3837,92.9194
271,0,11.3851,93.1684
272,0,11.4232,93.4310
273,0,11.3949,93.6566
274,0,11.4172,93.9765
275,0,11.5271,94.3662
276,0,11.6086,94.9767
277,0,11.6380,95.2283
278,0,11.6412,95.8173
279,0,11.6755,96.1237
280,0,11.6977,96.3207
281,0,11.6760,96.2533
282,0,11.7452,96.5237
283,0,11.8301,96.5516
284,0,11.8488,96.6620
285,0,11.8697,96.6829
286,0,11.9516,96.9503
287,0,12.0202,97.1211
288,0,12.0675,97.5647
289,0,12.0585,97.6569
290,0,12.1102,98.1748
291,0,12.1381,98.4099
292,0,12.1177,98.9639
293,0,12.1445,99.2949
294,0,12.1568,99.9539
295,0,12.1745,100.1438
296,0,12.1850,100.5409
297,0,12.1837,100.8040
298,0,12.2912,100.7105
299,0,12.2739,100.6872
300,0,12.2302,100.6806
301,0,12.2371,101.1373
302,0,12.3208,101.0114
303,0,12.3249,101.2574
304,0,12.3282,101.2184
305,0,12.3908,101.6352
306,0,12.4837,101.6073
307,0,12.5193,101.4823
308,0,12.5539,101.9286
309,0,12.6336,102.7548
310,0,12.7588,102.7282
311,0,12.8050,103.2369
312,0,12.8378,103.4333
313,0,12.9338,103.7771
314,0,13.0794,102.6031
315,0,13.1116,102.4296
316,0,13.1846,103.6402
317,0,13.3312,104.7893
318,0,13.4349,105.0347
319,0,13.3684,105.2386
320,0,13.5180,106.4142
321,0,13.5552,106.5570
322,0,13.5575,106.7806
323,0,13.7136,106.7447
324,0,13.7921,106.8358
325,0,13.7814,106.8988
326,0,13.7677,107.1099
327,0,13.7816,107.2614
328,0,13.6740,107.9598
329,0,13.5938,108.1015
330,0,13.5539,108.4014
331,0,13.5279,108.6698
332,0,13.4478,108.8606
333,0,13.3897,109.1011
334,0,13.3801,109.2431
335,0,13.3627,109.5310
336,0,13.2646,109.8906
337,0,13.1770,110.8170
338,0,13.1136,111.7053
339,0,13.0115,112.5407
340,0,12.9399,112.6804
341,0,12.9170,112.9859
342,0,12.9241,113.3257
343,0,12.8450,113.5811
344,0,12.8021,113.9903
345,0,12.8449,114.1929
346,0,12.8517,114.6382
347,0,12.8290,114.9738
348,0,12.8139,115.4904
349,0,12.8638,115.5596
350,0,12.8405,115.8704
351,0,12.8068,116.1594
352,0,12.8214,116.4215
353,0,12.7976,116.7977
354,0,12.7516,116.9838
355,0,12.7604,117.4206
356,0,12.7895,117.7599
357,0,12.7800,117.9868
358,0,12.7810,118.3555
359,0,12.8398,118.5713
360,0,12.8360,118.9151
361,0,12.8095,119.0896
362,0,12.8421,119.3301
363,0,12.8413,119.6332
364,0,12.8140,119.5685
365,0,12.7906,118.7600
366,0,12.8593,119.9312
367,0,12.7998,120.4073
368,0,12.6995,119.7161
369,0,12.7120,119.5469
370,0,12.7508,121.0249
371,0,12.7210,121.6435
372,0,12.7147,121.8499
373,0,12.7564,122.2012
374,0,12.7055,122.8248
375,0,12.6412,123.0388
376,0,12.6501,123.2458
377,0,12.6530,123.4503
378,0,12.6021,123.8390
379,0,12.5928,124.0370
380,0,12.6503,124.3222
381,0,12.6621,124.6946
382,0,12.6662,124.8763
383,0,12.7090,125.3833
384,0,12.7895,125.4882
385,0,12.8177,125.9302
386,0,12.8240,126.2043
387,0,12.8765,126.4864
388,0,12.9167,126.7668
389,0,12.8889,127.0579
390,0,12.8615,127.2810
391,0,12.8965,127.6542
392,0,12.8672,127.8578
393,0,12.7756,128.0200
394,0,12.7404,128.3511
395,0,12.7697,128.5963
396,0,12.7913,128.9463
397,0,12.7999,129.1203
398,0,12.8125,129.6533
399,0,12.8770,129.8943
400,0,12.8653,130.1974
401,0,12.8576,130.3940
402,0,12.9380,130.6765
403,0,12.9564,131.0789
404,0,12.9613,131.2450
405,0,12.9880,131.5547
406,0,13.0717,131.6968
407,0,13.0772,132.0213
408,0,13.0672,132.2216
409,0,13.1329,132.4754
410,0,13.1715,132.7403
411,0,13.1426,132.9768
412,0,13.1416,133.2866
413,0,13.1821,133.4454
414,0,13.1225,133.7808
415,0,13.0777,133.9482
416,0,13.0896,134.2908
417,0,13.0736,134.6067
418,0,13.0223,134.7900
419,0,13.0190,135.0912
420,0,13.0555,135.3211
421,0,13.0613,135.6652
422,0,13.0320,135.8188
423,0,13.0230,136.2009
424,0,13.0391,136.4177
425,0,13.0083,136.6984
426,0,12.9875,136.8983
427,0,13.0265,137.1761
428,0,13.0809,137.4548
429,0,13.1096,137.6033
430,0,13.1761,137.9979
431,0,13.2342,138.2668
432,0,13.2081,138.5272
433,0,13.2097,138.8105
434,0,13.2664,139.0427
435,0,13.2618,139.3591
436,0,13.2264,139.5166
437,0,13.2235,139.8855
