0,0,8.7477,10.9003
1,0,8.8534,12.0860
2,0,8.9352,12.2328
3,0,9.2386,11.9576
4,0,9.2087,12.5852
5,0,9.2584,13.0017
6,0,9.4733,13.3637
7,0,9.4100,14.4542
8,0,9.5221,12.5541
9,0,9.8029,7.2563
10,0,9.9033,10.4886
11,0,9.7447,9.0542
12,0,10.0150,6.6955
13,0,9.7524,14.8155
14,0,10.0373,9.3148
15,0,10.3447,3.2085
16,0,10.3170,13.5413
17,0,10.4171,14.8943
18,0,10.4894,14.8614
19,0,10.4881,16.0579
20,0,10.5170,16.0829
21,0,10.5601,15.1915
22,0,10.6554,16.1935
23,0,10.5571,15.9111
24,0,10.5039,16.3383
25,0,10.5428,17.4626
26,0,10.5176,18.4909
27,0,10.5806,18.9491
28,0,10.5213,20.6805
29,0,10.5526,22.0018
30,0,10.5188,22.6679
31,0,10.8424,22.5395
32,0,10.7835,23.6835
33,0,10.7859,24.5598
34,0,10.8024,24.8544
35,0,10.7560,25.8145
36,0,10.7901,27.0838
37,0,10.8380,27.3063
38,0,10.8761,28.0659
39,0,10.9392,28.0275
40,0,10.9981,27.7255
41,0,11.0382,27.4413
42,0,11.0343,28.1958
43,0,11.0023,28.6427
44,0,11.0274,29.5056
45,0,11.0973,29.9025
46,0,11.1431,30.1002
47,0,11.1146,30.9027
48,0,11.3031,30.6106
49,0,11.4472,31.2546
50,0,11.1391,31.3361
51,0,11.2045,31.4187
52,0,11.1804,32.2319
53,0,11.1999,32.6138
54,0,11.3212,33.4149
55,0,11.2963,33.5776
56,0,11.2962,33.4380
57,0,11.3783,33.1724
58,0,11.4353,33.0437
59,0,11.4262,32.4106
60,0,11.5750,32.9001
61,0,11.7498,32.4496
62,0,11.8351,32.1849
63,0,11.8269,32.2986
64,0,12.0187,31.7323
65,0,12.0870,32.8896
66,0,12.1260,32.4426
67,0,12.2679,32.4233
68,0,12.3402,34.3263
69,0,12.3375,35.3400
70,0,12.3878,35.4510
71,0,12.4281,35.7635
72,0,12.3710,36.6569
73,0,12.4535,36.0183
74,0,12.4677,36.0815
75,0,12.3847,36.8623
76,0,12.3963,36.8628
77,0,12.4265,37.5368
78,0,12.3697,38.1270
79,0,12.3798,38.7644
80,0,12.4375,40.0271
81,0,12.3778,40.9298
82,0,12.4989,40.7353
83,0,12.6022,42.1814
84,0,12.5266,43.7798
85,0,12.6009,44.3044
86,0,12.6861,45.6377
87,0,12.6097,46.3019
88,0,12.6623,46.3580
89,0,12.7320,47.3307
90,0,12.7673,47.8168
91,0,12.7777,47.8577
92,0,12.7985,48.4696
93,0,12.7916,48.2540
94,0,12.9057,48.1007
95,0,12.9456,48.3481
96,0,12.8516,49.3898
97,0,12.8949,49.9299
98,0,12.9254,50.7224
99,0,12.9149,50.9467
100,0,12.9350,51.4820
101,0,12.9967,51.9953
102,0,12.9608,52.2082
103,0,12.9996,52.1872
104,0,12.9784,53.0621
105,0,12.9052,53.3102
106,0,12.9670,52.9284
107,0,13.0245,53.0188
108,0,12.9253,53.6684
109,0,12.9464,53.6813
110,0,12.9386,54.2605
111,0,12.8454,54.9346
112,0,12.8452,55.5618
113,0,13.1409,57.1071
114,0,13.1106,56.6632
115,0,13.2244,57.6040
116,0,13.1535,58.6097
117,0,13.1624,58.1014
118,0,13.2031,58.6693
119,0,13.2764,59.0720
120,0,13.2642,58.5143
121,0,13.2538,60.0232
122,0,13.2679,60.6797
123,0,13.2704,60.9224
124,0,13.1327,61.4680
125,0,13.2511,61.9143
126,0,13.2449,62.1058
127,0,13.2562,62.7138
128,0,13.2473,63.1712
129,0,13.3153,63.3529
130,0,13.3049,64.2115
131,0,13.3355,64.2835
132,0,13.3610,64.7130
133,0,13.4556,65.1219
134,0,13.4008,65.8670
135,0,13.5116,66.6281
136,0,13.4404,67.8403
137,0,13.4702,67.7384
138,0,13.4430,69.8806
139,0,13.4069,71.7101
140,0,13.3942,72.4344
141,0,13.3961,74.1285
142,0,13.3614,75.7065
143,0,13.3329,76.2518
144,0,13.2953,77.3908
145,0,13.2516,78.8543
146,0,13.1444,79.5091
147,0,13.0309,80.8383
148,0,13.0223,81.3429
149,0,13.0122,81.1084
150,0,12.9756,81.5075
151,0,13.0618,80.7210
152,0,13.0199,80.7541
153,0,13.0901,80.2303
154,0,13.2087,79.8236
155,0,13.2643,78.7269
156,0,13.3725,78.2933
157,0,13.4076,78.3194
158,0,13.4913,77.9307
159,0,13.5453,78.9067
160,0,13.5863,78.9695
161,0,13.6102,78.6572
162,0,13.6767,78.9258
163,0,13.7469,79.1585
164,0,13.7444,79.5674
165,0,13.7509,80.2865
166,0,13.7693,80.1316
167,0,13.8208,80.4551
168,0,13.8290,80.9023
169,0,13.8782,81.0490
170,0,13.8015,81.8582
171,0,13.8369,82.0430
172,0,13.9327,82.4745
173,0,13.9168,83.1195
174,0,13.8430,84.2537
175,0,13.8781,84.9870
176,0,13.8244,86.0397
177,0,13.8352,85.9279
178,0,13.8483,86.3262
179,0,13.8622,86.9211
180,0,13.8572,87.2222
181,0,13.8852,87.5098
182,0,13.9180,88.1023
183,0,13.8966,88.4787
184,0,13.8882,88.8715
185,0,13.8630,89.1653
186,0,13.8095,89.1934
187,0,13.7560,89.7423
188,0,13.7393,89.8369
189,0,13.6857,90.0659
190,0,13.6593,90.1728
191,0,13.6992,90.4465
192,0,13.6431,90.9613
193,0,13.6233,91.2690
194,0,13.6424,91.7009
195,0,13.5999,92.1748
196,0,13.5668,92.4313
197,0,13.5912,93.1070
198,0,13.5519,93.3437
199,0,13.4914,93.7961
200,0,13.5088,93.9369
201,0,13.4478,94.5007
202,0,13.3622,94.4461
203,0,13.3324,94.5303
204,0,13.2749,95.5713
205,0,13.1355,94.7205
206,0,13.0210,95.1111
207,0,12.9081,96.0229
208,0,12.6865,96.0914
209,0,12.5698,96.7545
210,0,12.4002,97.4984
211,0,12.2120,98.1668
212,0,12.0752,98.8098
213,0,11.9386,99.0842
214,0,11.7744,99.5322
215,0,11.6766,100.1779
216,0,11.5774,100.4938
217,0,11.4966,100.9308
218,0,11.4294,101.4424
219,0,11.3855,101.6808
220,0,11.3173,101.9765
221,0,11.2876,102.3880
222,0,11.2668,102.5412
223,0,11.2183,103.0207
224,0,11.1810,103.3444
225,0,11.1845,103.5398
226,0,11.1152,103.8713
227,0,11.0446,103.9614
228,0,11.0363,104.2684
229,0,10.9844,104.5551
230,0,10.8920,104.9567
231,0,10.8774,105.5136
232,0,10.8769,105.8211
233,0,10.8528,105.9493
234,0,10.8414,106.7550
235,0,10.8627,106.8418
236,0,10.8564,107.2182
237,0,10.8569,107.7679
238,0,10.9368,108.0413
239,0,10.9111,108.6577
240,0,10.9146,109.1921
241,0,10.9946,109.4984
242,0,11.0374,110.0509
243,0,11.0407,110.4314
244,0,11.1531,110.5299
245,0,11.1632,111.0471
246,0,11.2209,111.4082
247,0,11.2932,111.7677
248,0,11.3024,112.4819
249,0,11.3432,112.5837
250,0,11.4045,113.0832
251,0,11.4060,113.4775
252,0,11.3331,114.0056
253,0,11.3333,114.5610
254,0,11.3131,114.9962
255,0,11.2763,115.3225
256,0,11.2675,115.8421
257,0,11.2399,116.0858
258,0,11.1827,116.2970
259,0,11.1644,116.9655
260,0,11.1831,117.3329
261,0,11.1523,117.5677
262,0,11.1577,118.2951
263,0,11.1804,118.5281
264,0,11.1731,118.7757
265,0,11.1680,119.3741
266,0,11.1851,119.6125
267,0,11.1437,120.1506
268,0,11.1324,120.7342
269,0,11.1532,121.1063
270,0,11.1461,121.5810
271,0,11.1367,122.0167
272,0,11.1635,122.3701
273,0,11.1440,122.9612
274,0,11.1444,123.4074
275,0,11.1578,123.8958
276,0,11.1208,124.3146
277,0,11.0767,124.7311
278,0,11.0681,125.1880
279,0,11.0155,125.6279
280,0,10.9552,125.9286
281,0,10.9464,126.4296
282,0,10.8871,126.7706
283,0,10.8431,127.1879
284,0,10.8828,127.6533
285,0,10.8336,127.8803
286,0,10.7718,128.1674
287,0,10.7884,128.8089
288,0,10.7889,128.9423
289,0,10.7747,129.3027
290,0,10.7983,129.9136
291,0,10.8273,130.1591
292,0,10.7917,130.3826
293,0,10.8116,130.3187
294,0,10.9149,131.1167
295,0,10.8639,131.7219
296,0,10.8454,132.2452
297,0,10.8934,132.5097
298,0,10.8614,132.8065
299,0,10.8316,132.9683
300,0,10.8524,133.3783
301,0,10.8627,133.8949
302,0,10.8319,134.5211
303,0,10.8379,135.0494
304,0,10.8221,135.5628
305,0,10.7519,135.9385
306,0,10.7423,136.4390
307,0,10.7310,136.7419
308,0,10.6640,137.1891
309,0,10.7200,137.7529
310,0,10.7450,138.0887
311,0,10.7359,138.4330
312,0,10.7642,139.0121
313,0,10.7546,139.3237
314,0,10.6756,139.6864
315,0,10.6555,140.2482
316,0,10.5987,140.5695
317,0,10.5042,140.9042
318,0,10.4382,141.4699
319,0,10.3616,141.7525
320,0,10.1932,142.1358
321,0,10.1098,142.6932
322,0,10.0373,142.9207
323,0,9.9249,143.2824
324,0,9.9088,143.8512
325,0,9.8976,144.0942
326,0,9.8300,144.5090
327,0,9.8034,145.0014
328,0,9.8187,145.2767
329,0,9.7550,145.7421
330,0,9.7477,146.1480
331,0,9.7596,146.4755
332,0,9.6958,146.9465
333,0,9.6626,147.3418
334,0,9.6711,147.7397
335,0,9.6472,148.2357
336,0,9.5988,148.5888
337,0,9.6177,149.0124
338,0,9.5542,149.1954
339,0,9.4673,149.3458
340,0,9.4600,149.5465
341,0,9.4335,149.7633
342,0,9.3847,149.9482
343,0,9.3943,150.1879
344,0,9.3716,150.4118
345,0,9.2659,150.6212
