0,0,1.6883,61.8689
1,0,2.0981,62.8946
2,0,2.3408,62.9359
3,0,2.6531,63.1234
4,0,2.9384,64.2528
5,0,2.9724,64.3177
6,0,3.0968,64.7307
7,0,3.2194,64.4284
8,0,3.2208,64.7349
9,0,3.3972,64.1205
10,0,3.4861,64.5395
11,0,3.6276,64.8864
12,0,3.6980,65.6309
13,0,3.7382,66.1338
14,0,3.8635,66.7405
15,0,4.0767,66.4575
16,0,4.1685,67.0226
17,0,4.2111,67.9501
18,0,4.4460,68.9059
19,0,4.5476,68.9686
20,0,4.6876,69.2174
21,0,4.7766,69.4275
22,0,4.7774,69.6749
23,0,4.7901,69.8650
24,0,4.8038,69.8560
25,0,4.7892,70.2283
26,0,4.7392,69.7090
27,0,4.7377,69.6133
28,0,4.7040,69.2656
29,0,4.8490,68.8335
30,0,4.8408,69.3077
31,0,4.7948,69.3951
32,0,4.7930,69.6126
33,0,4.7862,69.7181
34,0,4.7801,69.5653
35,0,4.7672,69.4482
36,0,4.7658,69.2626
37,0,4.8026,69.3369
38,0,4.8096,69.3579
39,0,4.7852,69.0892
40,0,4.7606,68.6307
41,0,4.8205,68.8932
42,0,4.8450,68.9016
43,0,4.8691,68.9086
44,0,4.8649,68.9705
45,0,4.8612,69.3035
46,0,4.8051,69.7039
47,0,4.6548,69.4843
48,0,4.4733,69.0924
49,0,4.4562,69.8333
50,0,4.4433,70.4019
51,0,4.4150,70.7360
52,0,4.3324,70.8998
53,0,4.1717,71.1797
54,0,4.1848,72.2025
55,0,4.2072,72.0701
56,0,4.1731,72.5748
57,0,4.0557,72.7998
58,0,4.1596,74.1134
59,0,4.1642,74.0346
60,0,4.0702,74.1931
61,0,3.8253,72.6238
62,0,3.8793,72.3322
63,0,4.0334,75.0179
64,0,3.8438,75.2115
65,0,3.6990,75.6178
66,0,3.5959,76.2891
67,0,3.3947,76.5807
68,0,3.1968,76.8158
69,0,3.1983,77.3002
70,0,3.1976,77.3028
71,0,3.1535,78.2634
72,0,3.1841,79.6092
73,0,3.2968,80.5699
74,0,3.3740,81.3937
75,0,3.3629,82.5601
76,0,3.4863,84.2551
77,0,3.5710,85.2249
78,0,3.6064,86.6644
79,0,3.6019,87.7004
80,0,3.6759,88.6311
81,0,3.7067,89.8720
82,0,3.6011,90.4649
83,0,3.6367,91.1308
84,0,3.6763,91.5619
85,0,3.5471,91.6189
86,0,3.4339,91.1710
87,0,3.4506,91.1786
88,0,3.3634,90.7142
89,0,3.2246,90.5395
90,0,3.1863,90.0376
91,0,3.2104,89.0042
92,0,3.1872,88.5490
93,0,3.1349,88.5473
94,0,3.2790,88.9066
95,0,3.4075,89.0218
96,0,3.3877,89.1478
97,0,3.4524,89.5004
98,0,3.5979,89.4594
99,0,3.6510,89.8273
100,0,3.5984,89.7953
101,0,3.6759,90.2855
102,0,3.7238,90.4251
103,0,3.6953,90.9604
104,0,3.7022,91.2004
105,0,3.7963,91.5172
106,0,3.8232,92.1036
107,0,3.7406,92.3904
108,0,3.8238,92.9121
109,0,3.8744,92.8801
110,0,3.8368,94.0787
111,0,3.8634,94.8249
112,0,3.9989,95.6072
113,0,4.0167,96.0031
114,0,3.9610,96.2051
115,0,4.0242,96.5996
116,0,4.1044,96.8009
117,0,4.0913,97.1520
118,0,4.1694,97.6594
119,0,4.3319,97.8218
120,0,4.4074,97.9997
121,0,4.4005,98.1692
122,0,4.4737,98.6483
123,0,4.5648,98.7908
124,0,4.5615,99.1686
125,0,4.4719,99.1536
126,0,4.5224,99.5747
127,0,4.4793,99.8539
128,0,4.4302,100.1877
129,0,4.4212,100.7147
130,0,4.4777,100.8081
131,0,4.4989,101.2985
132,0,4.4103,101.5403
133,0,4.4167,101.9731
134,0,4.5005,102.1910
135,0,4.4998,102.3731
136,0,4.4554,102.7368
137,0,4.4474,103.0027
138,0,4.5411,103.2422
139,0,4.5763,103.5434
140,0,4.5246,103.9124
141,0,4.5064,104.1222
142,0,4.5577,104.4243
143,0,4.5564,104.6786
144,0,4.4657,104.9205
145,0,4.4628,105.4024
146,0,4.5800,105.6839
147,0,4.6314,106.2375
148,0,4.6163,106.6477
149,0,4.6996,107.1131
150,0,4.7888,107.2332
151,0,4.7531,107.7534
152,0,4.7272,108.0561
153,0,4.8036,108.3379
154,0,4.8635,108.6823
155,0,4.8337,108.9056
156,0,4.8847,109.3262
157,0,5.0145,109.3470
158,0,5.0722,109.8652
159,0,5.0699,110.0621
160,0,5.2024,110.5735
161,0,5.2893,110.6260
162,0,5.2382,110.8904
163,0,5.3110,111.2429
164,0,5.4203,111.3216
165,0,5.4796,111.7404
166,0,5.4412,111.8740
167,0,5.5111,112.4249
168,0,5.5996,112.6451
169,0,5.5626,113.1425
170,0,5.5049,113.3661
171,0,5.6010,113.7401
172,0,5.6503,114.2035
173,0,5.5792,114.3336
174,0,5.6343,115.1652
175,0,5.6634,115.3885
176,0,5.6460,115.8952
177,0,5.6048,116.2472
178,0,5.7175,116.5208
179,0,5.8165,117.0415
180,0,5.7929,117.1898
181,0,5.9194,117.7580
182,0,6.0812,117.9691
183,0,6.1140,118.4478
184,0,6.2255,118.6403
185,0,6.3786,118.8406
186,0,6.4410,119.3640
187,0,6.4308,119.6126
188,0,6.5846,120.0178
189,0,6.6922,120.3724
190,0,6.6534,120.7854
191,0,6.6914,121.3490
192,0,6.8084,121.7023
193,0,6.8222,122.2685
194,0,6.8103,122.4028
195,0,6.8881,122.9100
196,0,6.9544,123.2089
197,0,6.9776,123.5162
198,0,7.1206,124.1467
199,0,7.2933,124.3888
200,0,7.3350,124.6845
201,0,7.4746,125.3236
202,0,7.6623,125.6233
203,0,7.7102,126.0679
204,0,7.7274,126.4952
205,0,7.9101,126.9309
206,0,8.0186,127.5006
207,0,8.0498,127.7180
208,0,8.1852,128.2045
209,0,8.3069,128.5836
210,0,8.3469,129.0049
211,0,8.4657,129.4556
212,0,8.6716,129.5867
213,0,8.7592,130.2013
214,0,8.8184,130.5075
215,0,8.9827,130.8423
216,0,9.0685,131.3533
217,0,9.0572,131.5456
218,0,9.1747,132.0048
219,0,9.3313,132.2554
220,0,9.3787,132.7144
221,0,9.4268,132.9387
222,0,9.5841,133.3198
223,0,9.6823,133.5356
224,0,9.7090,133.8476
225,0,9.7984,134.1482
226,0,9.9685,134.4916
227,0,10.1042,134.9571
228,0,10.2331,135.0926
229,0,10.4465,135.6206
230,0,10.8639,135.7684
231,0,11.0109,136.1855
232,0,11.1230,136.3923
233,0,11.3686,136.8134
234,0,11.5568,137.2505
235,0,11.5739,137.6278
236,0,11.7057,138.1519
237,0,11.8217,138.4539
238,0,11.7837,138.9105
239,0,11.8009,139.2786
240,0,11.9311,139.6099
241,0,11.9147,140.1722
242,0,11.9149,140.4253
243,0,12.0475,140.8880
244,0,12.1658,141.2817
245,0,12.1782,141.6170
246,0,12.2674,142.1098
247,0,12.4040,142.3986
248,0,12.3931,142.8856
249,0,12.4404,143.2655
250,0,12.6197,143.4924
251,0,12.6826,143.9182
252,0,12.7221,144.2396
253,0,12.9394,144.3331
254,0,12.9694,144.7845
255,0,13.0503,145.1507
256,0,13.2549,145.4455
257,0,13.3377,145.9898
258,0,13.3902,146.1894
259,0,13.5123,146.6358
260,0,13.6830,147.0030
261,0,13.6700,147.3029
262,0,13.7210,147.8199
263,0,13.8272,148.0731
264,0,13.7706,148.5834
265,0,13.7929,148.7352
266,0,13.8698,148.9039
267,0,14.0191,149.0925
268,0,14.0147,149.2308
269,0,14.1072,149.4351
270,0,14.2495,149.6050
271,0,14.2106,149.8427
272,0,14.2785,150.0200
273,0,14.4752,150.2176
274,0,14.4661,150.4849
