0,0,14.1762,17.7637
1,0,14.0823,17.4040
2,0,14.1180,17.0005
3,0,14.0992,16.8610
4,0,14.0702,16.9719
5,0,14.1102,14.6611
6,0,14.1181,14.5764
7,0,14.2222,13.8722
8,0,14.2578,14.2477
9,0,14.6187,15.6322
10,0,14.6130,22.0265
11,0,14.4577,24.4359
12,0,14.2885,25.9080
13,0,14.2930,27.3577
14,0,14.2397,28.5335
15,0,14.7635,27.7625
16,0,14.8394,27.0656
17,0,15.2157,23.0157
18,0,15.4705,23.2459
19,0,15.4922,21.6788
20,0,15.6994,22.7099
21,0,15.8418,23.4387
22,0,15.9526,22.4366
23,0,15.7095,22.2844
24,0,15.4265,21.8757
25,0,15.2761,21.7304
26,0,15.3720,21.6766
27,0,15.4842,21.1605
28,0,15.6543,19.3639
29,0,15.8343,18.7207
30,0,15.8027,18.7718
31,0,15.8326,19.1808
32,0,15.8137,20.0256
33,0,15.6866,21.1444
34,0,15.6444,22.7598
35,0,15.6957,23.2970
36,0,15.5376,25.2565
37,0,15.3609,27.6442
38,0,15.1934,29.5081
39,0,15.0759,30.7119
40,0,15.1083,31.1174
41,0,15.0760,31.8913
42,0,15.0371,32.6624
43,0,15.0025,33.2347
44,0,14.8214,36.9957
45,0,14.8221,37.7332
46,0,14.7811,38.7830
47,0,14.6986,41.7740
48,0,14.7473,41.8667
49,0,14.7940,43.9582
50,0,14.7106,45.2278
51,0,14.7416,45.9511
52,0,14.7830,46.8485
53,0,14.7366,47.7383
54,0,14.7828,48.4084
55,0,14.8129,49.1351
56,0,14.7865,50.1562
57,0,14.8055,51.7356
58,0,14.7763,53.6089
59,0,14.7845,53.8727
60,0,14.8115,54.8408
61,0,14.7645,56.2857
62,0,14.7056,56.9056
63,0,14.7648,57.0761
64,0,14.6578,58.2542
65,0,14.6945,58.4837
66,0,14.7095,59.2803
67,0,14.7454,60.4691
68,0,14.7902,60.4758
69,0,14.8214,61.0495
70,0,14.7806,61.7283
71,0,14.8904,61.1342
72,0,14.8923,61.7240
73,0,14.8502,62.3162
74,0,14.8837,62.9704
75,0,14.8670,63.4305
76,0,14.7902,64.0227
77,0,14.8287,64.1170
78,0,14.8473,63.9309
79,0,14.6308,65.3500
80,0,14.6820,65.2020
81,0,14.7455,65.6668
82,0,14.7118,66.4606
83,0,14.6923,67.2829
84,0,14.6549,67.9421
85,0,14.6575,68.1656
86,0,14.6862,68.6312
87,0,14.6785,69.2422
88,0,14.7175,69.4713
89,0,14.7341,70.8430
90,0,14.8273,71.4378
91,0,14.8770,71.6476
92,0,14.8737,72.5931
93,0,14.9010,73.3909
94,0,14.9432,73.5232
95,0,15.0355,73.6244
96,0,14.9762,74.3629
97,0,15.0031,74.6292
98,0,15.0564,74.9983
99,0,15.0010,76.0816
100,0,15.0347,76.2153
101,0,15.0697,76.1715
102,0,14.9792,77.2663
103,0,14.9275,78.0654
104,0,14.9589,78.1237
105,0,14.9065,78.9208
106,0,14.9214,79.3393
107,0,14.9469,79.5500
108,0,14.8932,80.2920
109,0,14.8956,80.6094
110,0,14.9783,80.8903
111,0,14.9391,81.2857
112,0,14.9805,81.9462
113,0,15.0221,82.1257
114,0,15.0409,82.4005
115,0,15.0659,82.8676
116,0,15.1510,82.9362
117,0,15.1390,83.2263
118,0,15.1291,83.8099
119,0,15.0923,84.9058
120,0,15.0003,85.2189
121,0,15.0273,85.4986
122,0,14.9980,86.1462
123,0,15.0042,86.5536
124,0,15.1058,87.0820
125,0,15.1301,87.7316
126,0,15.1619,87.9934
127,0,15.1945,88.4487
128,0,15.1103,89.0244
129,0,15.1738,89.3343
130,0,15.1938,89.7899
131,0,15.1598,90.2220
132,0,15.1382,91.0580
133,0,15.0743,92.0117
134,0,15.0718,92.3160
135,0,15.0102,93.1736
136,0,14.9697,93.9237
137,0,14.9364,94.1937
138,0,14.9049,94.8584
139,0,14.8702,95.5531
140,0,14.7876,95.7556
141,0,14.8241,96.4373
142,0,14.8533,97.0045
143,0,14.8328,97.0365
144,0,14.8228,97.7526
145,0,14.8269,98.3776
146,0,14.7911,98.4648
147,0,14.8434,98.9477
148,0,14.9068,99.5751
149,0,14.9428,99.7177
150,0,15.0447,100.0785
151,0,15.1611,100.6142
152,0,15.1968,100.9405
153,0,15.2309,101.3284
154,0,15.2224,102.0990
155,0,15.1832,102.2600
156,0,15.2069,102.8955
157,0,15.1802,103.7518
158,0,15.1558,103.9893
159,0,15.1431,104.2266
160,0,15.1099,105.1063
161,0,15.0208,105.5386
162,0,15.0405,105.7050
163,0,15.0367,106.3852
164,0,15.0255,106.4365
165,0,15.0914,106.6959
166,0,15.0982,107.2750
167,0,15.1678,107.0494
168,0,15.1983,107.4126
169,0,15.1817,108.3872
170,0,15.1419,108.5653
171,0,15.1903,108.9126
172,0,15.1758,109.3947
173,0,15.2009,109.5117
174,0,15.2969,109.7124
175,0,15.3140,110.5346
176,0,15.3236,110.9360
177,0,15.3485,111.5943
178,0,15.3156,112.2895
179,0,15.3506,112.7617
180,0,15.4284,113.3195
181,0,15.3412,113.8789
182,0,15.3051,114.5572
183,0,15.3491,114.7927
184,0,15.2814,115.0733
185,0,15.2512,115.6433
186,0,15.2906,115.9491
187,0,15.2165,116.2504
188,0,15.2480,116.7751
189,0,15.2311,117.1131
190,0,15.1853,117.2590
191,0,15.1614,118.2804
192,0,15.1102,118.9728
193,0,15.0633,119.3209
194,0,15.0634,120.1290
195,0,15.0632,120.7891
196,0,15.0783,121.1681
197,0,15.0885,121.8830
198,0,15.0843,122.4344
199,0,15.0517,122.8948
200,0,15.0591,123.5708
201,0,15.0540,124.3324
202,0,15.0753,124.7400
203,0,15.0692,125.3313
204,0,15.0632,125.9726
205,0,15.1100,126.3794
206,0,15.1552,126.8648
207,0,15.1528,127.6352
208,0,15.1791,128.1564
209,0,15.2195,128.5848
210,0,15.1455,129.3659
211,0,15.2484,129.8358
212,0,15.3295,130.2478
213,0,15.3573,130.8537
214,0,15.4112,131.3317
215,0,15.4020,131.9153
216,0,15.3142,132.4302
217,0,15.2673,133.1610
218,0,15.2529,133.5563
219,0,15.2232,134.0811
220,0,15.2290,134.7083
221,0,15.2264,135.1909
222,0,15.1975,135.7866
223,0,15.2715,136.2984
224,0,15.3101,136.7913
225,0,15.2977,137.1331
226,0,15.2713,137.7690
227,0,15.1921,138.3598
228,0,15.1276,138.8204
229,0,15.1341,139.4428
230,0,15.0795,140.1615
231,0,15.1363,140.6131
232,0,15.1771,141.0902
233,0,15.1888,141.7315
234,0,15.3088,142.2299
235,0,15.3439,142.6478
236,0,15.3295,143.3783
237,0,15.4670,143.8439
238,0,15.4989,144.3133
239,0,15.5302,144.8749
240,0,15.6850,145.3790
241,0,15.6420,145.9384
242,0,15.6731,146.4669
243,0,15.7353,146.9920
244,0,15.7397,147.4540
245,0,15.7945,148.0186
246,0,15.8770,148.4302
247,0,15.9786,148.6497
248,0,16.0861,148.9127
249,0,16.2055,149.2166
250,0,16.2848,149.4754
251,0,16.3776,149.8019
252,0,16.4763,150.1527
