0,0,10.1281,10.8397
1,0,10.1889,12.6006
2,0,10.2232,12.9175
3,0,10.2424,13.9335
4,0,10.3066,14.7019
5,0,10.2870,15.9389
6,0,10.2966,17.1748
7,0,10.2725,17.0114
8,0,10.2446,17.5895
9,0,10.2052,17.3869
10,0,10.1649,14.8331
11,0,10.1994,13.7985
12,0,10.1465,16.3072
13,0,10.1293,15.5779
14,0,10.1658,18.6927
15,0,10.1985,20.6297
16,0,10.2338,21.8844
17,0,10.2909,21.9361
18,0,10.3176,23.6901
19,0,10.3563,25.5644
20,0,10.3491,25.5873
21,0,10.2960,25.3768
22,0,10.3509,25.7255
23,0,10.3691,25.2312
24,0,10.3594,25.3604
25,0,10.3927,26.1058
26,0,10.4347,27.1111
27,0,10.3776,24.2448
28,0,10.3818,21.2539
29,0,10.4497,14.8359
30,0,10.3884,11.3713
31,0,9.9287,21.2576
32,0,9.8893,22.9756
33,0,9.8459,22.9608
34,0,9.7317,24.0220
35,0,9.6753,24.5406
36,0,9.5897,24.3481
37,0,9.5387,26.5163
38,0,9.5531,27.1643
39,0,9.4446,29.0871
40,0,9.3668,29.1802
41,0,9.3418,29.4870
42,0,9.2672,29.6815
43,0,9.2297,31.2743
44,0,9.2004,33.0424
45,0,9.1890,34.1535
46,0,9.2473,35.4376
47,0,9.2505,36.4212
48,0,9.2468,37.0965
49,0,9.3041,37.4338
50,0,9.3579,37.0565
51,0,9.4641,36.6738
52,0,9.5990,35.9706
53,0,9.7547,35.4507
54,0,9.9403,34.3418
55,0,10.0220,33.5478
56,0,10.0184,33.2521
57,0,10.0483,32.6967
58,0,9.8802,32.0024
59,0,9.9076,31.8450
60,0,9.9919,32.4764
61,0,10.1356,32.2750
62,0,10.0316,29.8708
63,0,9.8272,30.1307
64,0,9.7334,30.2504
65,0,9.7194,30.4031
66,0,9.7565,29.8015
67,0,9.8133,28.9337
68,0,9.8359,28.4800
69,0,9.8769,28.5396
70,0,9.8721,28.5066
71,0,9.8984,29.4399
72,0,9.9228,30.1403
73,0,9.9037,31.6490
74,0,9.8972,32.7998
75,0,9.8567,34.5761
76,0,9.8498,36.0770
77,0,9.9684,36.6532
78,0,10.0372,36.8081
79,0,9.9594,38.4327
80,0,9.9816,38.7375
81,0,9.9286,39.5486
82,0,9.9852,39.2056
83,0,9.9381,41.7371
84,0,9.8916,44.6114
85,0,9.8931,45.3918
86,0,9.9373,46.2692
87,0,9.9419,47.8354
88,0,9.9506,49.0260
89,0,9.9765,49.1961
90,0,9.9499,50.4421
91,0,9.9287,51.8364
92,0,9.8728,53.6771
93,0,9.9078,53.8423
94,0,9.9571,54.5128
95,0,10.0242,55.7739
96,0,10.0477,56.7253
97,0,9.8763,54.1647
98,0,9.8295,56.0770
99,0,9.8228,57.0230
100,0,9.8317,58.3840
101,0,9.7546,59.5237
102,0,9.7516,60.1485
103,0,9.7046,60.6450
104,0,9.6502,61.2418
105,0,9.6249,62.3079
106,0,9.5662,63.2643
107,0,9.5817,63.7883
108,0,9.6217,64.1650
109,0,9.6143,64.4912
110,0,9.7185,65.5277
111,0,9.8066,66.2379
112,0,9.8983,66.3281
113,0,10.0011,66.5375
114,0,9.9964,66.8173
115,0,10.0407,67.3850
116,0,10.0712,67.2717
117,0,10.0286,67.3555
118,0,10.0260,68.2025
119,0,9.9673,68.9810
120,0,9.8855,69.0161
121,0,9.8218,69.5465
122,0,9.7368,70.3857
123,0,9.7129,70.6826
124,0,9.7126,71.4821
125,0,9.7247,72.1310
126,0,9.7742,72.7236
127,0,9.8079,74.2395
128,0,9.9615,79.8845
129,0,10.1339,81.3227
130,0,10.2595,82.2128
131,0,10.3465,82.4987
132,0,10.5145,82.6274
133,0,10.5604,82.9956
134,0,10.6598,83.7802
135,0,10.7020,83.9899
136,0,10.7141,84.4159
137,0,10.7938,85.1157
138,0,10.8160,86.1287
139,0,10.8226,86.4519
140,0,10.8899,86.8409
141,0,10.9315,87.3610
142,0,10.9339,88.1125
143,0,10.9468,88.7430
144,0,10.9001,89.1054
145,0,10.9953,89.3817
146,0,10.9528,89.6151
147,0,10.9293,89.9704
148,0,10.8843,90.4508
149,0,10.8345,90.8335
150,0,10.7675,91.0174
151,0,10.6777,91.1721
152,0,10.6313,91.6969
153,0,10.6574,92.2240
154,0,10.6330,92.3717
155,0,10.6834,92.8398
156,0,10.6870,93.2711
157,0,10.6794,93.8934
158,0,10.7546,94.1363
159,0,10.6832,94.6476
160,0,10.6488,95.2612
161,0,10.6371,95.9724
162,0,10.5840,96.4744
163,0,10.6152,96.6850
164,0,10.6117,96.8381
165,0,10.6098,97.6506
166,0,10.6642,98.2952
167,0,10.6923,99.2709
168,0,10.7207,99.7082
169,0,10.7107,100.4174
170,0,10.6459,101.0037
171,0,10.6393,101.9439
172,0,10.6269,102.1590
173,0,10.6831,102.7233
174,0,10.7621,103.1421
175,0,10.8071,103.6501
176,0,10.9067,104.1109
177,0,10.9146,104.6850
178,0,10.9464,105.2786
179,0,11.0858,105.7487
180,0,11.0711,106.2675
181,0,11.1007,106.6792
182,0,11.0868,107.0895
183,0,11.0663,107.6807
184,0,11.0853,108.1021
185,0,11.0293,108.4127
186,0,11.0296,108.9715
187,0,11.0144,109.2765
188,0,11.0132,110.0734
189,0,11.1027,110.4681
190,0,11.1731,110.7360
191,0,11.3004,111.2429
192,0,11.4587,111.9211
193,0,11.4926,112.3931
194,0,11.5432,112.8955
195,0,11.5361,113.3152
196,0,11.5290,113.9321
197,0,11.5454,114.4706
198,0,11.4598,114.9042
199,0,11.4888,115.4067
200,0,11.5504,116.0692
201,0,11.5746,116.3600
202,0,11.6763,116.4703
203,0,11.7104,116.6478
204,0,11.7157,117.5280
205,0,11.8361,118.0812
206,0,11.7300,118.3961
207,0,11.7382,118.8308
208,0,11.7294,119.2968
209,0,11.5669,119.8175
210,0,11.5324,119.9586
211,0,11.3387,120.3409
212,0,11.1669,121.1590
213,0,11.1143,121.6552
214,0,10.9819,122.2202
215,0,10.9731,122.7205
216,0,11.0131,123.2968
217,0,11.0150,123.8757
218,0,11.1498,124.4428
219,0,11.1718,124.6250
220,0,11.2547,125.0979
221,0,11.3817,125.6083
222,0,11.4276,125.9288
223,0,11.6051,126.1980
224,0,11.6496,126.7886
225,0,11.6653,127.3657
226,0,11.7445,128.0029
227,0,11.7230,128.3581
228,0,11.7992,128.9558
229,0,11.8449,129.6474
230,0,11.8831,130.1758
231,0,12.0820,130.7437
232,0,12.1503,131.2373
233,0,12.1964,131.8739
234,0,12.2337,132.5043
235,0,12.1946,132.9937
236,0,12.2594,133.5372
237,0,12.1979,134.1295
238,0,12.1365,134.7840
239,0,12.2095,135.2339
240,0,12.2102,135.6017
241,0,12.2949,136.1399
242,0,12.3893,136.8425
243,0,12.4995,137.3268
244,0,12.7266,137.7433
245,0,12.7703,138.2696
246,0,12.8340,138.8477
247,0,12.9359,139.3732
248,0,12.9595,139.8067
249,0,13.0664,140.1951
250,0,13.1322,140.7846
251,0,13.2127,141.3738
252,0,13.3331,141.8990
253,0,13.3656,142.3219
254,0,13.4604,142.7624
255,0,13.4638,143.2823
256,0,13.5127,143.7511
257,0,13.7056,144.1816
258,0,13.8392,144.5754
259,0,13.9813,145.1948
260,0,14.0930,145.7598
261,0,14.0990,146.2573
262,0,14.0990,146.7126
263,0,14.0190,147.2373
264,0,13.9698,147.8872
265,0,13.9293,148.4218
266,0,13.8633,148.8569
267,0,13.8758,149.1044
268,0,13.8221,149.3515
269,0,13.8112,149.6172
270,0,13.8435,149.8535
271,0,13.8483,150.0541
272,0,13.8790,150.3274
