0,0,12.0039,20.0724
1,0,11.9960,21.8456
2,0,12.0417,22.7113
3,0,12.0650,22.3892
4,0,12.0849,23.1512
5,0,12.1233,22.6710
6,0,12.0403,23.5357
7,0,12.0220,24.6465
8,0,12.0199,25.2122
9,0,12.0313,26.0531
10,0,12.0615,26.8332
11,0,12.0389,27.1405
12,0,12.0558,28.0818
13,0,12.0731,28.4629
14,0,12.1469,28.4799
15,0,12.1699,29.1826
16,0,12.1833,30.0046
17,0,12.1524,31.0671
18,0,12.1635,30.4564
19,0,12.1562,30.5883
20,0,12.1015,32.0909
21,0,12.1204,32.6349
22,0,12.0793,33.5197
23,0,12.0767,33.7846
24,0,12.1208,33.7511
25,0,12.0862,35.7121
26,0,12.1693,37.0559
27,0,12.1620,38.4240
28,0,12.0749,39.7103
29,0,12.1350,40.0186
30,0,12.1080,39.8523
31,0,12.1652,40.0792
32,0,12.1656,40.5362
33,0,12.1941,40.7197
34,0,12.2115,41.2231
35,0,12.2499,41.3451
36,0,12.3255,41.1382
37,0,12.3835,41.4382
38,0,12.4172,41.9464
39,0,12.5464,41.0652
40,0,12.5956,41.1291
41,0,12.6355,41.8251
42,0,12.7360,41.7823
43,0,12.7837,42.8353
44,0,12.9103,42.6641
45,0,12.9568,42.7614
46,0,12.9577,42.8380
47,0,12.9635,42.7894
48,0,12.9213,42.7806
49,0,12.9163,43.0015
50,0,12.9294,42.7952
51,0,12.8983,42.7908
52,0,12.8795,43.0284
53,0,12.8576,43.1576
54,0,12.8356,43.0793
55,0,12.8275,43.8003
56,0,12.8823,42.5574
57,0,12.9088,42.7850
58,0,12.9366,42.8573
59,0,12.9245,43.1799
60,0,12.9313,43.3886
61,0,12.9362,42.6270
62,0,12.9816,42.4482
63,0,12.9650,42.1443
64,0,12.9428,42.2567
65,0,12.9404,42.1328
66,0,12.9549,40.8941
67,0,12.9947,39.9755
68,0,13.0062,39.5431
69,0,13.1427,38.8491
70,0,13.3340,38.8416
71,0,13.5385,37.1747
72,0,13.6117,36.8818
73,0,13.5256,37.6299
74,0,13.5664,37.7552
75,0,13.6059,37.9672
76,0,13.5633,38.1234
77,0,13.5543,38.5090
78,0,13.6075,39.4871
79,0,13.6580,39.5869
80,0,13.7892,40.1184
81,0,13.8807,40.8460
82,0,13.9042,41.0443
83,0,14.0230,41.2623
84,0,14.0322,41.7491
85,0,14.0889,42.2683
86,0,14.1377,42.8871
87,0,14.1602,43.3080
88,0,14.2550,43.6641
89,0,14.3495,44.1774
90,0,14.3801,44.9822
91,0,14.3918,45.6336
92,0,14.4252,46.9653
93,0,14.4226,46.8192
94,0,14.4518,47.2523
95,0,14.4565,48.0785
96,0,14.4808,49.1792
97,0,14.4543,50.0699
98,0,14.4737,50.5234
99,0,14.4981,51.3286
100,0,14.5496,51.7659
101,0,14.5439,52.5206
102,0,14.4838,53.6009
103,0,14.4363,55.0959
104,0,14.4000,56.0350
105,0,14.3742,56.8232
106,0,14.3734,57.4715
107,0,14.3768,58.4401
108,0,14.3362,59.6887
109,0,14.3129,60.5090
110,0,14.3386,61.3096
111,0,14.4095,62.3240
112,0,14.5216,64.2639
113,0,14.4929,64.0733
114,0,14.4993,64.6066
115,0,14.4484,64.8525
116,0,14.4359,65.3898
117,0,14.3802,65.7668
118,0,14.3095,66.7991
119,0,14.1631,67.1588
120,0,14.0911,67.8422
121,0,14.0682,68.6402
122,0,14.0627,69.4225
123,0,14.0929,70.3619
124,0,14.1352,71.4955
125,0,14.1954,72.3877
126,0,14.2461,73.8069
127,0,14.2745,74.5957
128,0,14.3516,75.7077
129,0,14.4518,76.8422
130,0,14.4939,77.4395
131,0,14.5092,78.1633
132,0,14.5441,78.7526
133,0,14.4348,79.4561
134,0,14.3984,80.1226
135,0,14.3085,80.4113
136,0,14.1855,81.1488
137,0,14.1771,81.3623
138,0,14.1557,81.8598
139,0,14.1144,82.3942
140,0,14.1246,83.1958
141,0,14.0702,83.9318
142,0,14.0410,84.2853
143,0,14.0509,84.7676
144,0,14.0580,85.2550
145,0,14.0086,86.5130
146,0,13.9577,86.9933
147,0,13.9711,87.9179
148,0,14.0006,88.2400
149,0,14.0851,89.2621
150,0,14.1511,90.4172
151,0,14.2672,90.9764
152,0,14.4026,91.3969
153,0,14.5062,91.7529
154,0,14.6492,91.9398
155,0,14.6624,92.1045
156,0,14.6842,92.7841
157,0,14.6181,93.7438
158,0,14.5854,94.2099
159,0,14.3952,96.1775
160,0,14.4470,95.5627
161,0,14.3618,96.4826
162,0,14.2644,96.7921
163,0,14.1694,97.2553
164,0,14.2046,97.2522
165,0,14.2058,97.4007
166,0,14.1315,98.1151
167,0,13.9617,97.9824
168,0,13.2879,99.6450
169,0,13.1156,100.5607
170,0,13.2621,99.9682
171,0,13.2247,101.4928
172,0,13.3126,101.7311
173,0,13.4112,102.0756
174,0,13.4046,102.7535
175,0,13.4548,103.2732
176,0,13.4879,102.9144
177,0,13.4619,103.5376
178,0,13.3792,104.1010
179,0,13.3471,104.6495
180,0,13.3429,105.2551
181,0,13.4024,105.5399
182,0,13.4914,106.0060
183,0,13.5027,106.6521
184,0,13.6291,106.9466
185,0,13.6647,107.5385
186,0,13.6816,108.0583
187,0,13.5578,108.4308
188,0,13.6730,108.9388
189,0,13.9008,109.1846
190,0,13.7901,109.8708
191,0,14.0041,110.4876
192,0,14.0566,111.3204
193,0,14.0465,111.8270
194,0,13.9734,112.5658
195,0,13.9301,113.1546
196,0,13.9324,113.8527
197,0,13.9331,114.5023
198,0,14.0200,115.1510
199,0,14.0505,116.0917
200,0,14.1001,116.8339
201,0,14.2172,117.4574
202,0,14.2349,117.9942
203,0,14.2159,118.6937
204,0,14.1651,119.1062
205,0,14.1922,119.6629
206,0,14.1629,120.6041
207,0,14.2678,121.2494
208,0,14.3806,122.0317
209,0,14.4836,122.6365
210,0,14.5630,123.3387
211,0,14.5923,124.1794
212,0,14.5153,124.9138
213,0,14.5241,125.4973
214,0,14.5347,126.1532
215,0,14.6045,126.7262
216,0,14.6285,127.3668
217,0,14.7088,128.3093
218,0,14.6783,128.9158
219,0,14.6610,129.6570
220,0,14.6208,130.3386
221,0,14.6629,131.0462
222,0,14.7132,131.6446
223,0,14.7583,132.3486
224,0,14.7918,132.9664
225,0,14.8106,133.6384
226,0,14.8786,134.2873
227,0,14.9199,135.0788
228,0,14.9357,135.9196
229,0,14.9644,136.5410
230,0,14.9727,137.1951
231,0,14.9853,137.8320
232,0,14.9540,138.4823
233,0,14.9506,139.0704
234,0,14.8754,139.7980
235,0,14.8731,140.4494
236,0,14.8719,141.1759
237,0,14.8465,141.9319
238,0,14.9242,142.6768
239,0,15.0315,143.3411
240,0,14.9802,144.1064
241,0,14.9918,144.7762
242,0,14.9594,145.4914
243,0,14.9698,146.1937
244,0,14.8950,146.8494
245,0,14.8153,147.2356
246,0,14.8923,147.5818
247,0,15.0653,147.9239
248,0,15.0565,148.2985
