0,0,4.1345,9.9197
1,0,4.4616,9.7250
2,0,4.6716,10.5454
3,0,4.9305,9.4828
4,0,5.0513,9.8472
5,0,5.2837,10.8236
6,0,5.6380,10.7982
7,0,5.8636,12.4644
8,0,6.0618,11.7766
9,0,6.6531,13.2679
10,0,7.0203,12.1786
11,0,7.5747,11.9134
12,0,7.7163,13.3001
13,0,7.8763,12.1054
14,0,8.0502,12.8745
15,0,8.0956,14.0150
16,0,8.3028,14.9852
17,0,8.3777,15.5005
18,0,8.4422,16.3351
19,0,8.5660,16.6184
20,0,8.5399,17.5633
21,0,8.6528,17.7884
22,0,8.6817,18.4984
23,0,8.7336,18.8868
24,0,8.8450,18.5757
25,0,8.9759,19.4656
26,0,9.0855,20.8177
27,0,9.1676,21.6656
28,0,9.2569,22.4749
29,0,9.3074,24.2275
30,0,9.2215,22.9139
31,0,9.2926,24.1018
32,0,9.2207,23.9574
33,0,9.3264,23.8315
34,0,9.2738,23.6695
35,0,9.3464,24.9545
36,0,9.3921,25.8571
37,0,9.4579,27.9738
38,0,9.4030,28.0041
39,0,9.6085,28.8952
40,0,9.6965,30.7368
41,0,9.7810,32.1099
42,0,9.7735,33.5346
43,0,9.8756,34.5397
44,0,9.7754,35.8710
45,0,9.7439,36.1880
46,0,9.6978,37.2240
47,0,9.5695,37.9289
48,0,9.5280,38.7701
49,0,9.4364,40.1773
50,0,9.4071,40.2157
51,0,9.3335,40.6728
52,0,9.3103,41.2416
53,0,9.3411,41.9878
54,0,9.2910,42.0156
55,0,9.2757,42.8145
56,0,9.2903,43.9535
57,0,9.2306,44.5273
58,0,9.2764,45.5279
59,0,9.2418,46.5858
60,0,9.2482,47.8611
61,0,9.2323,48.2031
62,0,9.1605,48.7133
63,0,9.2231,48.9167
64,0,9.2056,49.0154
65,0,9.2613,49.5556
66,0,9.2751,49.4409
67,0,9.2352,49.5361
68,0,9.3504,49.0266
69,0,9.3306,49.2539
70,0,9.4307,48.6148
71,0,9.4521,48.0070
72,0,9.5825,46.8187
73,0,9.5423,48.7435
74,0,9.5449,48.3867
75,0,9.5357,50.0097
76,0,9.5420,50.4375
77,0,9.4893,50.6962
78,0,9.4491,52.1981
79,0,9.3832,52.8820
80,0,9.4165,53.5334
81,0,9.4021,53.8250
82,0,9.4183,54.2581
83,0,9.4133,54.4922
84,0,9.3889,55.1167
85,0,9.4332,55.4560
86,0,9.4328,56.1418
87,0,9.4557,56.6239
88,0,9.5902,57.4044
89,0,9.5739,57.5055
90,0,9.6649,57.6314
91,0,9.7146,58.0557
92,0,9.6982,58.0798
93,0,9.7730,58.2554
94,0,9.7254,58.9291
95,0,9.8398,59.2282
96,0,9.8516,59.7968
97,0,9.8530,60.2182
98,0,9.9973,60.9112
99,0,10.0001,61.6276
100,0,10.1807,62.5214
101,0,10.2800,63.6042
102,0,10.3147,64.6269
103,0,10.4592,65.2019
104,0,10.4345,65.9167
105,0,10.4939,66.4650
106,0,10.5634,67.4385
107,0,10.5189,68.0018
108,0,10.6729,68.6071
109,0,10.6747,69.0096
110,0,10.7371,69.6541
111,0,10.7483,69.7514
112,0,10.7204,70.4122
113,0,10.8563,70.9096
114,0,10.8133,71.5192
115,0,10.8599,72.1473
116,0,10.9442,72.5454
117,0,10.9092,73.5584
118,0,11.0193,74.5424
119,0,10.9741,75.0839
120,0,10.9977,75.3312
121,0,11.0554,75.7118
122,0,11.0267,76.1474
123,0,11.1221,76.3727
124,0,11.1650,76.5269
125,0,11.2346,76.8487
126,0,11.3400,77.2699
127,0,11.4089,77.4401
128,0,11.5796,76.7269
129,0,11.6477,75.7794
130,0,11.6995,75.2985
131,0,11.7370,75.2679
132,0,11.6957,75.3602
133,0,11.7068,75.3287
134,0,11.6427,75.4639
135,0,11.5908,75.6396
136,0,11.6294,75.2314
137,0,11.5665,75.3667
138,0,11.5755,76.3631
139,0,11.5499,77.7032
140,0,11.5614,78.6984
141,0,11.6393,80.2370
142,0,11.6860,81.1024
143,0,11.7820,81.6471
144,0,11.7483,82.3145
145,0,11.6734,83.1977
146,0,11.6730,84.0112
147,0,11.6688,84.7061
148,0,11.9002,84.7593
149,0,12.1719,84.9624
150,0,12.5767,85.4813
151,0,13.0037,86.2777
152,0,13.1891,87.3808
153,0,13.3705,87.9430
154,0,13.0617,89.1202
155,0,12.4232,89.7490
156,0,12.4184,90.3778
157,0,12.6117,90.0940
158,0,13.0347,89.5669
159,0,13.5611,89.2367
160,0,14.0329,88.8833
161,0,14.4512,87.2317
162,0,14.1323,86.0719
163,0,13.5376,86.8367
164,0,12.9271,87.3127
165,0,12.1306,87.8541
166,0,11.5274,88.0479
167,0,10.9014,88.6442
168,0,10.3641,89.8592
169,0,10.0486,91.1720
170,0,9.7154,91.9965
171,0,9.4559,92.6595
172,0,9.1227,93.1159
173,0,8.8375,93.8888
174,0,8.8206,94.1279
175,0,8.7783,94.5994
176,0,8.8764,95.0581
177,0,9.0221,95.7261
178,0,8.9706,96.5903
179,0,9.0447,97.5850
180,0,8.9439,98.6336
181,0,8.9026,99.8205
182,0,8.9241,100.9976
183,0,8.8418,101.7778
184,0,8.9029,102.0589
185,0,8.9179,103.2715
186,0,8.9470,104.7294
187,0,9.0959,106.0866
188,0,9.1373,106.8099
189,0,9.2440,107.5544
190,0,9.3889,108.1134
191,0,9.4367,108.6409
192,0,9.5809,109.0157
193,0,9.5949,109.3804
194,0,9.6751,109.6768
195,0,9.8015,110.0883
196,0,9.7909,110.4612
197,0,9.9566,110.9174
198,0,9.9371,111.4263
199,0,9.8896,111.8706
200,0,9.9194,112.6609
201,0,9.7742,113.0444
202,0,9.8092,113.4193
203,0,9.7621,113.8090
204,0,9.6770,114.3797
205,0,9.7964,114.6983
206,0,9.7187,115.0032
207,0,9.7988,115.4614
208,0,9.8561,116.2022
209,0,9.7776,116.6476
210,0,9.9120,116.9588
211,0,9.9093,117.4061
212,0,10.0017,117.6696
213,0,10.1812,117.8590
214,0,10.2459,118.5525
215,0,10.5245,118.8454
216,0,10.6991,119.2396
217,0,10.8446,119.4418
218,0,11.0298,119.7874
219,0,11.0709,120.6486
220,0,11.2066,120.3366
221,0,11.3277,120.1926
222,0,11.5626,122.2085
223,0,11.7101,122.9030
224,0,11.7502,123.3307
225,0,11.8197,123.8510
226,0,11.8337,124.4888
227,0,11.7893,125.1439
228,0,11.9131,125.6409
229,0,11.8318,126.0368
230,0,11.8523,126.5073
231,0,11.8628,127.0459
232,0,11.8037,127.5245
233,0,11.9064,128.0211
234,0,11.8495,128.4451
235,0,11.8569,128.9567
236,0,11.8985,129.5557
237,0,11.8160,130.0414
238,0,11.8868,130.3809
239,0,11.8145,130.8635
240,0,11.7691,131.4608
241,0,11.8301,131.9516
242,0,11.7485,132.3579
243,0,11.7807,132.7990
244,0,11.7379,133.2297
245,0,11.6506,133.7325
246,0,11.8056,134.4090
247,0,11.7693,134.8690
248,0,11.8636,135.3497
249,0,11.9911,135.9172
250,0,12.0223,136.4324
251,0,12.2090,136.8412
252,0,12.2528,137.3469
253,0,12.2813,137.9647
254,0,12.3617,138.5949
255,0,12.3166,139.0613
256,0,12.3906,139.5697
257,0,12.4540,140.1024
258,0,12.4494,140.7330
259,0,12.6272,141.1907
260,0,12.6159,141.5782
261,0,12.6978,142.1271
262,0,12.7837,142.7270
263,0,12.7599,143.2639
264,0,12.8486,143.7540
265,0,12.8257,144.2535
266,0,12.8261,144.8737
267,0,12.9205,145.4304
268,0,12.8754,145.8537
269,0,12.9882,146.2463
270,0,13.0387,146.8037
271,0,13.0441,147.3126
272,0,13.1990,147.5410
273,0,13.2123,147.7542
274,0,13.3338,148.0020
275,0,13.4503,148.2603
276,0,13.4502,148.5437
277,0,13.6487,148.8062
278,0,13.7926,149.0635
