0,0,11.9094,10.9810
1,0,11.9890,10.6067
2,0,11.9623,12.7908
3,0,12.0612,13.5328
4,0,11.7903,13.1754
5,0,10.7347,13.8112
6,0,10.1380,14.1193
7,0,10.2701,15.2935
8,0,10.3864,15.5928
9,0,10.5586,14.3785
10,0,10.6233,15.8498
11,0,10.7487,14.9164
12,0,10.7676,16.1409
13,0,10.7883,15.9147
14,0,10.9352,15.3961
15,0,10.8984,15.5112
16,0,10.8909,16.5102
17,0,10.9350,16.8748
18,0,10.9008,16.8549
19,0,10.8952,16.7634
20,0,10.9433,16.2650
21,0,10.9747,17.1787
22,0,10.9597,17.5883
23,0,10.9106,17.0059
24,0,10.9061,16.8626
25,0,10.8522,17.0541
26,0,10.8510,16.6769
27,0,10.8817,16.7626
28,0,10.8753,16.8193
29,0,10.9336,17.4730
30,0,10.9944,17.7301
31,0,11.0466,18.7822
32,0,10.9402,20.5914
33,0,10.7915,21.5351
34,0,10.6741,22.8787
35,0,10.4685,24.1564
36,0,10.3601,25.3590
37,0,10.1908,26.5357
38,0,10.0975,27.6372
39,0,9.9998,28.8027
40,0,9.9302,29.5971
41,0,9.8937,30.6825
42,0,9.8320,31.3351
43,0,9.6873,31.5451
44,0,9.5746,32.7206
45,0,9.3564,32.7350
46,0,9.2361,32.8704
47,0,9.0029,33.8922
48,0,8.8966,34.0791
49,0,8.8650,34.6047
50,0,8.7953,36.3069
51,0,8.7737,37.6531
52,0,8.6967,38.0421
53,0,8.5598,38.2433
54,0,8.5268,39.2579
55,0,8.4251,40.4272
56,0,8.3682,41.4704
57,0,8.3651,40.7889
58,0,8.2090,41.7324
59,0,8.1953,42.7457
60,0,8.0655,44.2093
61,0,7.9365,44.1356
62,0,7.9399,45.5879
63,0,7.7926,45.5084
64,0,7.8417,46.5922
65,0,7.8332,46.7097
66,0,7.8655,47.8431
67,0,7.8731,48.4138
68,0,7.7997,48.8931
69,0,7.7544,49.7381
70,0,7.5430,50.7362
71,0,7.4558,51.5757
72,0,7.3886,52.2658
73,0,7.3309,52.5074
74,0,7.2473,53.1471
75,0,7.1812,53.5653
76,0,7.1709,53.8772
77,0,7.1479,54.6285
78,0,7.1134,55.0412
79,0,7.1539,55.9955
80,0,7.1682,56.7619
81,0,7.3436,57.7238
82,0,7.4267,58.3786
83,0,7.5487,59.1696
84,0,7.7173,59.4424
85,0,7.7961,60.1071
86,0,7.9170,60.8646
87,0,7.9444,61.5141
88,0,7.9880,62.1826
89,0,7.9866,62.6585
90,0,8.0707,64.9313
91,0,8.0637,64.6970
92,0,7.9584,64.8088
93,0,8.0181,65.7596
94,0,8.1188,67.4471
95,0,8.1634,68.0450
96,0,8.2812,68.8553
97,0,8.3678,69.5349
98,0,8.5544,70.3122
99,0,8.7391,71.2306
100,0,8.8830,71.4149
101,0,9.0606,71.8065
102,0,9.1551,72.2957
103,0,9.2277,73.0071
104,0,9.2711,73.6074
105,0,9.2049,74.1690
106,0,9.2027,74.4476
107,0,9.1225,75.2472
108,0,9.0267,75.7734
109,0,8.9776,76.2839
110,0,8.7767,76.5599
111,0,8.7264,76.9576
112,0,8.6182,77.1718
113,0,8.5456,77.6268
114,0,8.6157,78.1255
115,0,8.6769,78.6188
116,0,8.8562,79.8386
117,0,8.9961,81.0060
118,0,9.1873,81.3957
119,0,9.3051,81.9722
120,0,9.3590,82.1321
121,0,9.4059,82.8570
122,0,9.3614,83.7830
123,0,9.3788,84.1369
124,0,9.3894,84.5799
125,0,9.3486,85.1656
126,0,9.3790,85.8170
127,0,9.3898,86.4671
128,0,9.3646,87.0645
129,0,9.3563,87.5974
130,0,9.2507,88.3302
131,0,9.0903,88.6373
132,0,9.0467,89.2824
133,0,8.9895,90.2902
134,0,9.0026,91.0678
135,0,8.9790,91.6409
136,0,8.9348,92.2225
137,0,8.9313,92.8899
138,0,8.8348,93.5484
139,0,8.7528,94.3582
140,0,8.7092,94.9753
141,0,8.5655,95.4658
142,0,8.5164,96.2481
143,0,8.3998,96.2284
144,0,8.3272,97.0437
145,0,8.3104,97.7991
146,0,8.2296,98.4637
147,0,8.1815,98.9647
148,0,8.1854,99.4524
149,0,8.1873,100.1899
150,0,8.2286,100.6964
151,0,8.2842,101.1925
152,0,8.3306,101.4008
153,0,8.4221,101.8729
154,0,8.4985,102.5637
155,0,8.4618,103.1350
156,0,8.5923,103.7433
157,0,8.5768,104.4946
158,0,8.6535,105.0968
159,0,8.7643,105.4025
160,0,8.8151,106.0856
161,0,8.8597,106.6944
162,0,8.8423,107.3320
163,0,8.8148,107.7406
164,0,8.8239,108.1443
165,0,8.8206,108.9438
166,0,8.8544,109.5103
167,0,8.9920,110.1380
168,0,9.0234,110.6490
169,0,9.0833,111.3605
170,0,9.1483,112.0959
171,0,9.1605,112.8144
172,0,9.2117,113.5744
173,0,9.2044,114.3897
174,0,9.1851,115.0128
175,0,9.1799,115.7045
176,0,9.1396,116.2832
177,0,9.1703,117.1757
178,0,9.1832,117.9059
179,0,9.1287,118.6233
180,0,9.1866,119.4643
181,0,9.1701,120.1328
182,0,9.1711,121.1268
183,0,9.1462,121.6962
184,0,9.1218,122.1931
185,0,9.1928,122.9389
186,0,9.2384,123.8080
187,0,9.2743,124.4439
188,0,9.4002,125.3149
189,0,9.3774,125.9014
190,0,9.4210,126.6852
191,0,9.4128,127.6186
192,0,9.4159,128.3608
193,0,9.5179,128.9838
194,0,9.5478,129.6123
195,0,9.6258,130.4381
196,0,9.6360,131.2581
197,0,9.7165,131.9957
198,0,9.7215,132.6571
199,0,9.6852,133.3288
200,0,9.6519,134.1576
201,0,9.5415,135.0679
202,0,9.3936,135.8719
203,0,9.3454,136.4184
204,0,9.1728,137.0500
205,0,9.0849,137.8818
206,0,9.0262,138.6832
207,0,8.8293,139.4722
208,0,8.7453,140.0841
209,0,8.6324,140.8220
210,0,8.6414,141.7087
211,0,8.6998,142.5200
212,0,8.6216,143.1807
213,0,8.7041,143.8577
214,0,8.7472,144.6082
215,0,8.7950,145.4537
216,0,8.8477,146.1646
217,0,8.7506,146.7936
218,0,8.6970,147.2425
219,0,8.5550,147.6518
220,0,8.3889,148.0000
221,0,8.3264,148.3769
222,0,8.1751,148.7774
