0,0,27.3262,107.7204
1,0,27.5254,107.3753
2,0,27.5840,106.8185
3,0,27.6222,106.8710
4,0,27.6553,106.7040
5,0,27.5524,106.7706
6,0,27.4835,106.9215
7,0,27.4041,106.9308
8,0,27.4207,106.7959
9,0,27.4094,106.9456
10,0,27.2613,107.1021
11,0,27.2715,107.1778
12,0,27.2186,107.2870
13,0,27.1756,107.3670
14,0,27.1536,107.3880
15,0,27.1376,107.5182
16,0,27.0946,107.6489
17,0,27.0532,107.7495
18,0,27.0907,107.7024
19,0,27.0473,107.7260
20,0,27.0628,107.7963
21,0,27.0422,107.8244
22,0,27.1335,107.6697
23,0,27.0347,107.7949
24,0,27.0283,107.8177
25,0,27.0634,107.7534
26,0,27.0732,107.7423
27,0,27.1059,107.6613
28,0,27.1165,107.6323
29,0,27.1025,107.5918
30,0,27.1625,107.5042
31,0,27.1567,107.5061
32,0,27.1663,107.3723
33,0,27.1080,107.4387
34,0,27.1058,107.4363
35,0,27.1746,107.2354
36,0,27.2157,107.0503
37,0,27.2963,106.8306
38,0,27.3049,106.7575
39,0,27.3114,106.7303
40,0,27.3272,106.5905
41,0,27.3953,106.3228
42,0,27.4352,106.1773
43,0,27.4853,106.1707
44,0,27.4444,106.3106
45,0,27.3950,106.3266
46,0,27.4640,106.2548
47,0,27.3847,106.4806
48,0,27.3721,106.5807
49,0,27.3597,106.7163
50,0,27.3123,106.8784
51,0,27.3287,106.9596
52,0,27.1632,107.2624
53,0,27.2235,107.3693
54,0,27.1738,107.5147
55,0,27.0845,107.7027
56,0,27.0279,107.8527
57,0,26.9904,107.9175
58,0,26.9971,107.8938
59,0,27.0391,107.8898
60,0,27.0115,107.9944
61,0,26.9936,107.9789
62,0,27.0118,107.9752
63,0,27.0756,107.8612
64,0,26.9922,107.9724
65,0,26.9855,107.9755
66,0,27.0047,108.0173
67,0,26.9239,108.1981
68,0,26.8535,108.4133
69,0,26.7869,108.6121
70,0,26.6417,108.7555
71,0,26.6086,108.9717
72,0,26.6308,108.9217
73,0,26.5647,109.2292
74,0,26.5060,109.3333
75,0,26.4712,109.4877
76,0,26.3074,109.7647
77,0,26.2857,109.9245
78,0,26.1792,110.0913
79,0,26.2209,110.1846
80,0,26.1739,110.2033
81,0,26.1633,110.2092
82,0,26.0075,110.4750
83,0,26.0546,110.4889
84,0,26.5333,109.3624
85,0,26.4885,108.8668
86,0,26.3666,108.4348
87,0,26.4077,108.0950
88,0,26.4243,107.4467
89,0,26.3983,107.0621
90,0,26.4649,106.8627
91,0,26.4409,106.9319
92,0,26.4196,106.9856
93,0,26.5235,106.7521
94,0,26.6255,106.5257
95,0,26.7124,106.3991
96,0,26.6874,106.6303
97,0,26.6601,106.6465
98,0,26.7501,106.4463
99,0,26.7379,106.2356
100,0,26.7935,106.0912
101,0,26.8990,105.8299
102,0,26.8803,105.8135
103,0,26.8969,105.6279
104,0,26.9456,105.4939
105,0,26.9056,105.4035
106,0,26.9236,105.4568
107,0,26.9733,105.2896
108,0,26.9739,105.2848
109,0,27.0399,105.1202
110,0,27.0723,105.0828
111,0,26.9841,105.4167
112,0,26.9328,105.8020
113,0,26.7933,106.3387
114,0,26.8839,106.1967
115,0,26.9219,105.9067
116,0,26.9594,105.7639
117,0,26.9931,105.6580
118,0,26.9293,106.0052
119,0,26.8804,106.1616
120,0,26.7287,106.5419
121,0,26.7123,106.5814
122,0,26.7159,106.6980
123,0,26.7619,106.5834
124,0,26.8618,106.5453
125,0,27.0661,106.0320
126,0,27.3863,105.5964
127,0,27.6460,105.0861
128,0,27.9554,104.6383
129,0,28.1147,104.3811
130,0,28.3422,104.0882
131,0,28.3707,103.9604
132,0,28.4735,103.5068
133,0,28.3871,103.5958
134,0,28.3933,103.5628
135,0,28.4446,103.4753
136,0,28.5854,103.0674
137,0,28.4368,102.8861
138,0,28.2961,102.4449
139,0,28.2312,102.3414
140,0,28.4002,102.0552
141,0,28.5039,101.5728
142,0,28.6443,101.2583
143,0,28.9971,100.4701
144,0,29.0021,100.3690
145,0,29.0297,100.2415
146,0,29.0694,100.1013
147,0,29.1066,99.9045
148,0,29.0576,100.0970
149,0,29.0443,100.0371
150,0,28.9939,100.0932
151,0,28.9342,100.3420
152,0,28.8399,100.6008
153,0,28.8068,100.7048
154,0,28.7866,100.7949
155,0,28.7524,101.0596
156,0,28.7384,101.1655
157,0,28.5656,101.7787
158,0,28.0874,103.2200
159,0,28.0876,103.3565
160,0,27.9456,103.6043
161,0,27.8691,103.9272
162,0,27.7467,104.2158
163,0,27.6160,104.6754
164,0,27.6229,104.7181
165,0,27.6425,104.7833
166,0,27.6877,104.7625
167,0,27.5165,105.1677
168,0,27.4228,105.4716
169,0,27.3403,105.8069
170,0,27.2379,106.3185
171,0,27.1297,106.5520
172,0,27.0615,106.8340
173,0,26.9088,107.1938
174,0,26.9071,107.3644
175,0,26.8726,107.5575
176,0,26.8247,107.6014
177,0,26.8581,107.6524
178,0,26.8905,107.6962
179,0,26.8446,107.6544
180,0,26.8418,107.7211
181,0,26.8435,107.7214
182,0,26.8403,107.7926
183,0,26.7894,107.8778
184,0,26.7913,107.8109
185,0,26.8537,107.5745
186,0,26.8778,107.4918
187,0,26.9181,107.4293
188,0,26.9205,107.4133
189,0,26.9675,107.2571
190,0,27.0224,107.0473
191,0,27.0484,106.9504
192,0,27.1086,106.8550
193,0,27.1112,106.9156
194,0,27.1442,106.8901
195,0,27.0728,106.9398
196,0,27.1117,106.8645
197,0,27.1257,106.7788
198,0,27.1207,106.8456
199,0,27.0939,106.8624
200,0,27.0250,107.0520
201,0,26.9690,107.1346
202,0,26.9328,107.2707
203,0,27.0399,106.9996
204,0,26.9932,107.1176
205,0,26.8825,107.2782
206,0,26.8712,107.2820
207,0,26.8919,107.3384
208,0,26.8790,107.2853
209,0,26.9275,107.2380
210,0,26.9245,107.2658
211,0,26.9180,107.2600
212,0,26.9515,107.2536
213,0,26.9486,107.2603
214,0,26.9529,107.1935
215,0,26.9942,107.1756
216,0,27.0413,107.0627
217,0,26.9715,107.2371
218,0,26.9695,107.3165
219,0,26.8850,107.4692
220,0,26.9178,107.3522
221,0,26.9380,107.4572
222,0,27.0038,107.3622
223,0,26.9379,107.3493
224,0,26.9566,107.3931
225,0,27.0110,107.0821
226,0,27.0718,107.0781
227,0,27.0623,107.1118
228,0,27.1755,106.8625
229,0,27.2201,106.6622
230,0,27.2471,106.5740
231,0,27.2839,106.5127
232,0,27.2621,106.4634
233,0,27.3213,106.3666
234,0,27.2805,106.5426
235,0,27.2363,106.5671
236,0,27.2900,106.5363
237,0,27.3294,106.4445
238,0,27.3208,106.4602
239,0,27.3318,106.3609
240,0,27.3451,106.3585
241,0,27.3248,106.3899
242,0,27.3448,106.3684
243,0,27.3368,106.3627
244,0,27.3153,106.4935
245,0,27.3026,106.5759
246,0,27.2601,106.6783
247,0,27.2078,106.8401
248,0,27.1596,106.9266
249,0,27.1572,106.9324
250,0,27.0824,107.1400
251,0,27.1039,107.1169
252,0,27.0761,107.1768
253,0,27.0754,107.1685
254,0,27.0300,107.4156
255,0,26.9883,107.4892
256,0,26.9991,107.5452
257,0,27.0086,107.5939
258,0,27.0125,107.5430
259,0,27.0063,107.5417
260,0,26.9792,107.4561
261,0,27.0152,107.3936
262,0,27.0575,107.3799
263,0,27.0581,107.3058
264,0,27.0255,107.3137
265,0,27.0953,107.1843
266,0,27.1254,107.1447
267,0,27.0786,107.2310
268,0,27.0567,107.2379
269,0,27.0731,107.2330
270,0,27.0568,107.1159
271,0,27.0740,107.0661
272,0,27.0349,107.2109
273,0,27.0352,107.2039
274,0,27.0419,107.1664
275,0,27.0438,107.1658
276,0,27.0397,107.1683
277,0,27.0347,107.2359
278,0,27.0270,107.1738
279,0,27.0828,106.9742
280,0,27.2323,106.6810
281,0,27.3706,106.3811
282,0,27.3374,106.3373
283,0,27.3341,106.3026
284,0,27.4403,106.0325
285,0,27.4388,105.8458
286,0,27.5166,105.6505
287,0,27.5498,105.4700
288,0,27.6640,105.2353
289,0,27.7321,104.9933
290,0,27.7672,104.9479
291,0,27.7145,105.0970
292,0,27.7145,105.0552
293,0,27.6954,105.1483
294,0,27.6549,105.2907
295,0,27.6835,105.2234
296,0,27.6246,105.3117
297,0,27.5841,105.3234
298,0,27.7409,104.8472
299,0,27.7815,104.5582
300,0,27.8380,104.4212
301,0,27.8022,104.2533
302,0,27.8557,104.2233
303,0,27.7950,104.2644
304,0,27.8046,104.2467
305,0,27.7987,104.2437
306,0,27.7228,104.4119
307,0,27.7316,104.5064
308,0,27.7457,104.5151
309,0,27.6456,104.8789
310,0,27.6033,105.0731
311,0,27.5191,105.2021
312,0,27.5795,105.1131
313,0,27.4930,105.3181
314,0,27.5260,105.3447
315,0,27.5856,105.3263
316,0,27.5461,105.5972
317,0,27.5639,105.5698
318,0,27.5130,105.6050
319,0,27.4785,105.5368
320,0,27.4901,105.4838
321,0,27.4330,105.6625
322,0,27.4272,105.7395
323,0,27.4130,105.7663
324,0,27.3792,105.8310
325,0,27.3791,105.8287
326,0,27.4348,105.6699
327,0,27.4394,105.6386
328,0,27.4892,105.4906
329,0,27.4679,105.4914
330,0,27.4881,105.5084
331,0,27.5160,105.3967
332,0,27.5103,105.4072
333,0,27.5330,105.4044
334,0,27.4936,105.5457
335,0,27.5581,105.4535
336,0,27.5519,105.5409
337,0,27.5424,105.6155
338,0,27.5458,105.6162
339,0,27.5493,105.5339
340,0,27.5353,105.4852
341,0,27.5411,105.4806
342,0,27.5611,105.5039
343,0,27.5502,105.4291
344,0,27.5684,105.5249
345,0,27.5759,105.4546
346,0,27.5655,105.4789
347,0,27.5307,105.6099
348,0,27.5231,105.6469
349,0,27.5339,105.6431
350,0,27.5530,105.6095
351,0,27.5289,105.6712
352,0,27.5359,105.6384
353,0,27.5600,105.6780
354,0,27.5959,105.6085
355,0,27.6061,105.5457
356,0,27.5808,105.6291
357,0,27.5678,105.6333
358,0,27.5647,105.6330
359,0,27.5876,105.5018
360,0,27.5449,105.6932
361,0,27.5024,105.7261
362,0,27.4808,105.8761
363,0,27.4064,105.9835
364,0,27.2506,106.3325
365,0,27.1840,106.6190
366,0,26.9166,107.3875
367,0,26.7360,108.1749
368,0,26.5110,108.7518
369,0,26.4738,109.2222
370,0,26.3202,109.6296
371,0,26.1046,110.1200
372,0,25.9308,110.4986
373,0,25.7896,110.7711
374,0,25.6631,110.8697
375,0,25.6197,110.8493
376,0,25.6354,110.6820
377,0,25.7418,110.1424
378,0,25.5218,109.3117
