0,0,10.3633,65.0882
1,0,10.4094,65.2004
2,0,10.4003,65.2454
3,0,10.4298,65.2785
4,0,10.4920,65.4614
5,0,10.5055,65.6347
6,0,10.4590,65.3945
7,0,10.4574,65.4675
8,0,10.4760,65.4583
9,0,10.4718,65.1199
10,0,10.4778,65.2367
11,0,10.4550,65.3348
12,0,10.4146,65.6143
13,0,10.3835,66.2669
14,0,10.4779,66.3807
15,0,10.4817,66.6325
16,0,10.4716,66.8526
17,0,10.5289,66.8295
18,0,10.5617,67.2950
19,0,10.5640,67.2661
20,0,10.5343,67.6221
21,0,10.5777,67.7594
22,0,10.5997,68.0423
23,0,10.5755,68.1236
24,0,10.5771,68.3851
25,0,10.6365,68.6105
26,0,10.6405,68.7709
27,0,10.5767,69.0320
28,0,10.5927,69.5898
29,0,10.6709,69.3188
30,0,10.6423,69.7475
31,0,10.6456,70.4346
32,0,10.6604,70.4933
33,0,10.8726,70.2099
34,0,10.9635,70.5182
35,0,10.9808,71.1847
36,0,11.0025,72.0247
37,0,11.0251,71.7692
38,0,11.0215,72.7217
39,0,11.0517,73.4629
40,0,10.9347,74.3042
41,0,10.8530,74.3957
42,0,10.8190,74.9959
43,0,10.9654,74.6615
44,0,10.8208,75.7504
45,0,10.7861,76.1489
46,0,10.8384,76.4327
47,0,10.7796,76.7856
48,0,10.8058,76.8728
49,0,10.7616,77.0704
50,0,10.7876,77.4549
51,0,10.7724,77.6791
52,0,10.7684,77.9520
53,0,10.7555,78.3817
54,0,10.7418,78.6749
55,0,10.7305,78.9558
56,0,10.7017,79.2840
57,0,10.7696,79.9477
58,0,10.7698,80.2065
59,0,10.7004,80.7227
60,0,10.6994,81.0046
61,0,10.6915,81.2961
62,0,10.6576,81.5904
63,0,10.7353,81.8811
64,0,10.7922,82.0997
65,0,10.7839,82.6078
66,0,10.8545,83.0656
67,0,10.8433,83.5216
68,0,10.7997,84.2461
69,0,10.7895,84.5968
70,0,10.8492,84.9576
71,0,10.8145,85.7240
72,0,10.7928,86.0125
73,0,10.8374,86.3781
74,0,10.8189,86.8250
75,0,10.7744,87.0806
76,0,10.7572,87.5252
77,0,10.7703,87.9283
78,0,10.7629,87.9103
79,0,10.7853,88.3925
80,0,10.8608,88.5517
81,0,10.7730,89.2292
82,0,10.7028,89.7652
83,0,10.7514,89.7904
84,0,10.7518,90.0521
85,0,10.7586,90.4324
86,0,10.8449,90.3926
87,0,10.8753,90.8496
88,0,10.8592,90.9841
89,0,10.9274,91.6593
90,0,11.0107,91.7061
91,0,11.0095,92.0451
92,0,11.0878,92.3355
93,0,11.1760,92.6747
94,0,11.1779,93.0319
95,0,11.2085,93.1276
96,0,11.3471,93.2154
97,0,11.3091,93.8511
98,0,11.2417,93.8353
99,0,11.2687,94.2609
100,0,11.2813,94.3154
101,0,11.2407,94.2301
102,0,11.1975,94.4274
103,0,11.2675,94.8205
104,0,11.3168,95.2888
105,0,11.2416,95.7993
106,0,11.2179,96.2429
107,0,11.2652,96.4107
108,0,11.2089,97.1977
109,0,11.1629,97.4663
110,0,11.2132,97.5659
111,0,11.1903,98.2749
112,0,11.1360,98.5302
113,0,11.1420,98.9976
114,0,11.1673,99.3841
115,0,11.0754,99.8291
116,0,11.0161,100.4182
117,0,11.0828,100.6067
118,0,11.0214,100.8736
119,0,11.0103,101.2842
120,0,11.0673,101.4947
121,0,11.0116,102.0944
122,0,11.0414,102.3380
123,0,11.1216,102.6187
124,0,11.1268,103.0475
125,0,11.1347,103.2553
126,0,11.2254,103.7810
127,0,11.2562,104.2835
128,0,11.2446,104.4780
129,0,11.3557,104.7028
130,0,11.3863,105.3324
131,0,11.3146,105.6820
132,0,11.3481,106.2370
133,0,11.3863,106.6856
134,0,11.3584,106.9937
135,0,11.3291,107.5012
136,0,11.4075,107.7834
137,0,11.3578,108.3227
138,0,11.3246,108.7861
139,0,11.3704,109.2176
140,0,11.3579,109.7240
141,0,11.3628,109.9791
142,0,11.3896,110.5010
143,0,11.4342,110.8555
144,0,11.3690,111.2059
145,0,11.3825,111.6865
146,0,11.4193,111.9652
147,0,11.3920,112.5193
148,0,11.3750,112.6376
149,0,11.4719,112.8780
150,0,11.5062,113.3572
151,0,11.4678,113.5767
152,0,11.5433,113.9948
153,0,11.5922,114.2227
154,0,11.4516,114.5959
155,0,11.4435,114.9630
156,0,11.4492,115.2269
157,0,11.3235,115.4490
158,0,11.3479,115.9182
159,0,11.4058,116.2875
160,0,11.3527,116.6903
161,0,11.3593,116.9926
162,0,11.4900,117.3730
163,0,11.5080,117.9248
164,0,11.4792,118.3638
165,0,11.5694,118.8896
166,0,11.5663,119.4615
167,0,11.5351,119.8486
168,0,11.6517,120.2285
169,0,11.7090,120.7326
170,0,11.7048,120.9829
171,0,11.7928,121.4407
172,0,11.8603,121.7524
173,0,11.8128,122.0196
174,0,11.8249,122.5501
175,0,11.8727,122.7409
176,0,11.8009,123.2066
177,0,11.8175,123.4713
178,0,11.8549,123.8134
179,0,11.8290,124.1798
180,0,11.8122,124.5638
181,0,11.8563,124.9559
182,0,11.9085,125.3408
183,0,11.8408,125.6620
184,0,11.8860,126.1440
185,0,11.9352,126.5908
186,0,11.8803,126.9485
187,0,11.9519,127.5792
188,0,12.0973,127.8659
189,0,12.0649,128.2968
190,0,12.0579,128.7374
191,0,12.1320,129.0975
192,0,12.0855,129.5840
193,0,12.0692,129.9821
194,0,12.1543,130.2829
195,0,12.1504,130.7761
196,0,12.0861,131.1250
197,0,12.1676,131.5231
198,0,12.1599,132.1028
199,0,12.0740,132.3752
200,0,12.1025,132.8594
201,0,12.1032,133.3346
202,0,12.0311,133.6224
203,0,12.0624,134.0519
204,0,12.0925,134.4945
205,0,12.0300,134.9000
206,0,12.0523,135.3593
207,0,12.1582,135.5216
208,0,12.1537,135.8175
209,0,12.1691,136.1648
210,0,12.2835,136.2863
211,0,12.2547,136.7476
212,0,12.2127,137.0218
213,0,12.2998,137.3684
214,0,12.3480,137.7658
215,0,12.2717,137.9581
216,0,12.3543,138.4537
217,0,12.4590,138.7427
218,0,12.4172,139.1276
219,0,12.4201,139.6126
220,0,12.5116,139.8524
221,0,12.4874,140.4032
222,0,12.4357,140.7569
223,0,12.5395,141.0483
224,0,12.5894,141.6287
225,0,12.5636,141.8393
226,0,12.6604,142.2903
227,0,12.7373,142.6788
228,0,12.7206,142.9400
229,0,12.8194,143.5289
230,0,12.9323,144.0679
231,0,12.9154,144.7062
232,0,12.9467,145.3202
233,0,13.0448,145.6099
234,0,13.0320,146.2117
235,0,13.0105,146.5963
236,0,13.0850,146.9055
237,0,13.0756,147.1329
238,0,13.0545,147.3069
239,0,13.0680,147.5509
240,0,13.1522,147.7130
241,0,13.0916,147.9306
242,0,13.1005,148.1862
243,0,13.1927,148.3644
244,0,13.0764,148.6125
