0,0,9.0618,62.9254
1,0,9.0609,62.4856
2,0,9.0041,62.3587
3,0,8.9779,62.7641
4,0,8.9651,62.5483
5,0,8.9664,62.9491
6,0,8.9520,62.9303
7,0,8.8707,62.9569
8,0,8.8814,63.2099
9,0,8.8856,63.3342
10,0,8.9042,63.4763
11,0,8.9192,63.2381
12,0,8.9306,63.6341
13,0,8.9503,63.8874
14,0,8.8829,63.5476
15,0,9.0055,63.9979
16,0,8.9636,63.9083
17,0,8.9629,64.0585
18,0,8.9558,63.9750
19,0,8.9565,64.2377
20,0,9.1142,64.9182
21,0,9.0608,65.1254
22,0,9.0570,65.3831
23,0,9.0613,65.4063
24,0,9.0674,65.5545
25,0,9.1016,65.7576
26,0,9.0854,66.0086
27,0,9.1008,66.2161
28,0,9.1005,66.4266
29,0,9.0892,66.3310
30,0,9.0903,66.2219
31,0,9.1214,65.8539
32,0,9.1247,65.2184
33,0,9.1462,64.9113
34,0,9.1018,64.4604
35,0,8.8826,64.5307
36,0,8.9846,64.5772
37,0,8.9316,64.7350
38,0,8.9693,65.1759
39,0,8.9597,65.2067
40,0,8.9780,65.3913
41,0,9.0124,65.4052
42,0,9.0295,65.3953
43,0,9.0115,65.2978
44,0,8.9543,65.4122
45,0,8.9448,65.0515
46,0,8.9634,65.1044
47,0,8.9694,65.1082
48,0,8.8424,64.6308
49,0,8.8314,64.5369
50,0,8.8383,64.3648
51,0,8.8307,64.3243
52,0,8.8134,63.7643
53,0,8.7735,63.9444
54,0,8.8903,63.8961
55,0,8.8771,64.1304
56,0,8.7397,63.4027
57,0,8.8202,63.0057
58,0,8.8108,63.0153
59,0,8.8065,62.8778
60,0,8.7932,63.1080
61,0,8.7668,62.8978
62,0,8.7555,62.9004
63,0,8.7406,62.8238
64,0,8.7689,63.0437
65,0,8.6426,63.5438
66,0,8.7180,63.1300
67,0,8.7721,63.3071
68,0,8.7152,64.0037
69,0,8.7267,63.9837
70,0,8.7302,64.3698
71,0,8.7547,64.6096
72,0,8.8121,64.4544
73,0,8.8139,64.3935
74,0,8.7952,64.7699
75,0,8.6996,64.3912
76,0,8.7179,64.4656
77,0,8.7040,63.9710
78,0,8.6844,63.9008
79,0,8.7499,63.7687
80,0,8.7177,62.9657
81,0,8.7192,62.7708
82,0,8.6757,62.8051
83,0,8.6720,62.8386
84,0,8.6638,63.0720
85,0,8.6778,63.5127
86,0,8.7225,63.7910
87,0,8.7269,63.8293
88,0,8.7547,63.3067
89,0,8.7980,63.2537
90,0,8.8037,63.2769
91,0,8.7602,63.1239
92,0,8.7539,63.0428
93,0,8.6900,62.6348
94,0,8.5960,63.0346
95,0,8.5431,62.9967
96,0,8.5632,62.4381
97,0,8.5471,62.2633
98,0,8.5486,62.0348
99,0,8.5439,62.0212
100,0,8.5593,62.1103
101,0,8.5720,62.0131
102,0,8.5084,61.9242
103,0,8.5106,62.3627
104,0,8.5140,62.4598
105,0,8.4916,62.6884
106,0,8.5066,62.6883
107,0,8.4927,62.7074
108,0,8.4501,63.2079
109,0,8.3886,63.6272
110,0,8.3852,63.8375
111,0,8.3669,64.2802
112,0,8.3575,64.3293
113,0,8.3352,64.7994
114,0,8.3221,65.0283
115,0,8.2958,65.2082
116,0,8.2731,65.1643
117,0,8.2760,65.1753
118,0,8.2649,64.8082
119,0,8.2550,64.1845
120,0,8.1964,63.9787
121,0,8.1484,63.8110
122,0,8.1180,63.8010
123,0,8.0479,63.3831
124,0,8.0293,63.1496
125,0,8.0774,63.6683
126,0,8.0645,63.6969
127,0,8.1301,64.2644
128,0,8.1749,64.9151
129,0,8.2073,65.6454
130,0,8.2030,65.5001
131,0,8.2242,65.2189
132,0,8.2388,65.1770
133,0,8.2686,64.9444
134,0,8.2541,64.7308
135,0,8.2335,64.9279
136,0,8.2037,64.5273
137,0,8.2082,64.0928
138,0,8.1716,64.1606
139,0,8.1508,63.8656
140,0,8.1749,63.8641
141,0,8.2069,64.0829
142,0,8.1978,64.0237
143,0,8.1890,63.9487
144,0,8.1855,63.8740
145,0,8.1942,63.5255
146,0,8.1728,63.0473
147,0,8.1617,62.6090
148,0,8.1433,62.0543
149,0,8.1246,61.8481
150,0,8.0951,61.4516
151,0,8.0872,61.3798
152,0,8.0424,61.1733
153,0,8.0060,60.7606
154,0,7.9952,60.9558
155,0,7.9698,61.0401
156,0,7.9797,61.0412
157,0,7.9656,61.3747
158,0,7.9951,61.8960
159,0,7.9955,61.5697
160,0,8.0060,61.4394
161,0,8.0435,61.1883
162,0,8.0976,60.6969
163,0,8.1163,60.6799
164,0,8.1172,61.0923
165,0,8.1426,61.4111
166,0,8.1700,61.2859
167,0,8.2090,61.6421
168,0,8.2013,61.7019
169,0,8.2069,61.7068
170,0,8.2002,61.8602
171,0,8.2140,61.8588
172,0,8.2311,62.6619
173,0,8.2309,62.9951
174,0,8.2565,63.2346
175,0,8.3996,64.4838
176,0,8.3992,64.6896
177,0,8.3093,64.6913
178,0,8.2411,65.1519
179,0,8.2047,64.9810
180,0,8.2016,64.6143
181,0,8.1284,64.5408
182,0,8.1478,64.7565
183,0,8.1566,64.9820
184,0,8.1379,64.9942
185,0,8.1994,65.0282
186,0,8.2545,64.9566
187,0,8.2627,65.1682
188,0,8.2477,65.1791
189,0,8.2430,65.1771
190,0,8.2206,65.1812
191,0,8.1810,64.7971
192,0,8.2351,65.0302
193,0,8.2022,64.7931
194,0,8.1440,64.6092
195,0,8.0528,64.5568
196,0,7.9885,64.8945
197,0,8.0063,64.6592
198,0,8.0073,65.1019
199,0,7.9996,65.2472
200,0,8.0488,65.2569
201,0,8.0284,65.4520
202,0,8.0327,65.7898
203,0,8.0405,66.1651
204,0,8.0196,65.7127
205,0,8.0834,65.5965
206,0,8.0588,65.6351
207,0,8.0105,65.6556
208,0,8.0249,65.0022
209,0,7.9737,64.7847
210,0,7.9551,65.0012
211,0,7.9195,64.4352
212,0,7.9140,64.3683
213,0,7.9357,64.7888
214,0,7.9483,65.0503
215,0,7.9380,65.1938
216,0,7.9631,65.2640
217,0,7.9810,65.6821
218,0,7.9639,65.5572
219,0,7.9817,65.9025
220,0,7.9615,65.9114
221,0,7.9728,66.0616
222,0,7.9776,66.0114
223,0,7.9983,66.4857
224,0,8.0387,67.0682
225,0,8.0717,67.5805
226,0,8.0569,67.8512
227,0,8.0218,67.5067
228,0,8.0042,66.8243
229,0,7.9261,66.3853
230,0,7.9584,66.4216
231,0,7.9616,66.4092
232,0,7.9261,66.2957
233,0,7.9445,67.3609
234,0,7.9288,67.4702
235,0,7.9058,66.7316
236,0,7.9284,67.6876
237,0,7.9373,67.9393
238,0,7.9560,68.0588
239,0,7.9187,68.6035
240,0,7.9172,68.4986
241,0,7.9088,68.9723
242,0,7.9142,69.0052
243,0,7.8999,68.8072
244,0,7.8785,68.9126
245,0,7.8537,68.6116
246,0,7.7925,67.9007
247,0,7.7304,67.2832
248,0,7.7184,67.2467
249,0,7.6889,66.8655
250,0,7.6434,66.2164
251,0,7.5907,66.3798
252,0,7.5228,66.3896
253,0,7.4370,66.3736
254,0,7.3939,66.1120
255,0,7.3297,65.9721
256,0,7.2469,66.7234
257,0,7.1045,67.5451
258,0,6.9368,67.4969
259,0,6.7782,67.3874
260,0,6.7011,65.8735
261,0,6.7991,66.1527
262,0,6.8852,66.0931
263,0,6.9904,64.8148
264,0,6.9526,65.3455
265,0,6.9863,65.1912
266,0,7.0411,65.0563
267,0,7.0277,64.6430
268,0,7.1093,64.7873
269,0,7.1590,64.3684
270,0,7.1344,64.3436
271,0,7.1399,64.5968
272,0,7.2483,64.7242
273,0,7.5015,64.9798
274,0,7.7308,64.3696
275,0,7.8270,64.5815
276,0,7.8738,64.2861
277,0,7.8757,64.3985
278,0,7.8698,64.2047
279,0,7.8746,64.1558
280,0,7.8878,64.1763
281,0,7.8835,63.9795
282,0,7.9074,63.4882
283,0,7.9821,63.7270
284,0,8.0124,64.2196
285,0,7.9470,64.3244
286,0,7.8951,64.4807
287,0,8.0322,64.9693
288,0,8.0635,65.4479
